(kicad_pcb (version 4) (host pcbnew 4.0.7-e2-6376~61~ubuntu18.04.1)

  (general
    (links 185)
    (no_connects 0)
    (area 56.67576 35.215 211.530001 138.936239)
    (thickness 1.6)
    (drawings 23)
    (tracks 496)
    (zones 0)
    (modules 105)
    (nets 144)
  )

  (page A4)
  (layers
    (0 F.Cu signal)
    (31 B.Cu signal)
    (32 B.Adhes user)
    (33 F.Adhes user)
    (34 B.Paste user)
    (35 F.Paste user)
    (36 B.SilkS user)
    (37 F.SilkS user)
    (38 B.Mask user)
    (39 F.Mask user)
    (40 Dwgs.User user)
    (41 Cmts.User user)
    (42 Eco1.User user)
    (43 Eco2.User user hide)
    (44 Edge.Cuts user)
    (45 Margin user)
    (46 B.CrtYd user)
    (47 F.CrtYd user)
    (48 B.Fab user)
    (49 F.Fab user)
  )

  (setup
    (last_trace_width 0.2)
    (user_trace_width 0.2)
    (user_trace_width 0.3)
    (user_trace_width 0.5)
    (user_trace_width 0.8)
    (user_trace_width 1)
    (user_trace_width 1.5)
    (user_trace_width 2)
    (trace_clearance 0.15)
    (zone_clearance 0.15)
    (zone_45_only no)
    (trace_min 0.2)
    (segment_width 0.2)
    (edge_width 0.15)
    (via_size 0.7)
    (via_drill 0.4)
    (via_min_size 0.7)
    (via_min_drill 0.4)
    (uvia_size 0.3)
    (uvia_drill 0.1)
    (uvias_allowed no)
    (uvia_min_size 0.2)
    (uvia_min_drill 0.1)
    (pcb_text_width 0.3)
    (pcb_text_size 1.5 1.5)
    (mod_edge_width 0.15)
    (mod_text_size 1 1)
    (mod_text_width 0.15)
    (pad_size 2 2)
    (pad_drill 1)
    (pad_to_mask_clearance 0.2)
    (aux_axis_origin 0 0)
    (visible_elements FFFEFF7F)
    (pcbplotparams
      (layerselection 0x010f0_80000001)
      (usegerberextensions true)
      (usegerberattributes true)
      (excludeedgelayer true)
      (linewidth 0.150000)
      (plotframeref false)
      (viasonmask false)
      (mode 1)
      (useauxorigin true)
      (hpglpennumber 1)
      (hpglpenspeed 20)
      (hpglpendiameter 15)
      (hpglpenoverlay 2)
      (psnegative false)
      (psa4output false)
      (plotreference true)
      (plotvalue true)
      (plotinvisibletext false)
      (padsonsilk false)
      (subtractmaskfromsilk false)
      (outputformat 1)
      (mirror false)
      (drillshape 0)
      (scaleselection 1)
      (outputdirectory Gerbz_02))
  )

  (net 0 "")
  (net 1 "Net-(18pF1-Pad1)")
  (net 2 GNDREF)
  (net 3 "Net-(18pF2-Pad1)")
  (net 4 +5V)
  (net 5 "Net-(BZ1-Pad2)")
  (net 6 "Net-(C5-Pad1)")
  (net 7 "Net-(C8-Pad2)")
  (net 8 Voltage_sensor)
  (net 9 ROTA)
  (net 10 "Net-(C11-Pad1)")
  (net 11 ROTB)
  (net 12 "Net-(C13-Pad1)")
  (net 13 "Net-(C14-Pad1)")
  (net 14 /Input_filter/DC_2)
  (net 15 Temperature)
  (net 16 "Net-(D4-Pad1)")
  (net 17 LED1)
  (net 18 "Net-(D5-Pad1)")
  (net 19 LED2)
  (net 20 "Net-(D6-Pad1)")
  (net 21 LED3)
  (net 22 "Net-(D7-Pad1)")
  (net 23 LED4)
  (net 24 "Net-(D8-Pad2)")
  (net 25 "Net-(Error1-Pad1)")
  (net 26 "Net-(Error1-Pad2)")
  (net 27 "Net-(F1-Pad2)")
  (net 28 "Net-(Heartbeat1-Pad1)")
  (net 29 "Net-(Heartbeat1-Pad2)")
  (net 30 "Net-(J4-Pad1)")
  (net 31 "Net-(J4-Pad2)")
  (net 32 "Net-(J4-Pad3)")
  (net 33 UART_TX)
  (net 34 "Net-(J6-Pad1)")
  (net 35 Pot.meter)
  (net 36 LDR_divider)
  (net 37 /Input_filter/DC_1)
  (net 38 "Net-(J15-Pad1)")
  (net 39 /Keypad/row_1)
  (net 40 "Net-(J15-Pad3)")
  (net 41 /Keypad/row_4)
  (net 42 "Net-(J15-Pad5)")
  (net 43 /Keypad/row_3)
  (net 44 /Keypad/row_2)
  (net 45 "Net-(J16-Pad3)")
  (net 46 /LCD_/RS)
  (net 47 /LCD_/EN)
  (net 48 /LCD_/D4)
  (net 49 /LCD_/D5)
  (net 50 /LCD_/D6)
  (net 51 /LCD_/D7)
  (net 52 "Net-(J16-Pad16)")
  (net 53 Capacitive_button_2)
  (net 54 Capacitive_button_1)
  (net 55 /Keypad/Mhole_1)
  (net 56 /Keypad/Mhole_2)
  (net 57 "Net-(J24-Pad1)")
  (net 58 "Net-(J25-Pad1)")
  (net 59 "Net-(J26-Pad1)")
  (net 60 "Net-(J27-Pad1)")
  (net 61 /Keypad/Mhole_3)
  (net 62 /Keypad/Mhole_4)
  (net 63 /LCD_/Mhole_1)
  (net 64 /LCD_/Mhole_2)
  (net 65 "Net-(NecessaryCap1-Pad1)")
  (net 66 "Net-(Q2-Pad2)")
  (net 67 "Net-(Q3-Pad1)")
  (net 68 "Net-(Q3-Pad3)")
  (net 69 "Net-(Q4-Pad1)")
  (net 70 "Net-(Q4-Pad3)")
  (net 71 "Net-(R4-Pad1)")
  (net 72 MOSI)
  (net 73 MISO)
  (net 74 RESET_MEGA)
  (net 75 DAC)
  (net 76 "Net-(R16-Pad2)")
  (net 77 Buzzer)
  (net 78 /Keypad/col_2)
  (net 79 /Keypad/col_1)
  (net 80 /Keypad/col_3)
  (net 81 /LCD_/Backlight)
  (net 82 BUTT1)
  (net 83 BUTT2)
  (net 84 "Net-(SW4-Pad4)")
  (net 85 "Net-(SW4-Pad5)")
  (net 86 "Net-(U1-Pad1)")
  (net 87 SCK)
  (net 88 "Net-(U1-Pad2)")
  (net 89 "Net-(U1-Pad17)")
  (net 90 "Net-(U1-Pad18)")
  (net 91 "Net-(U1-Pad5)")
  (net 92 "Net-(U1-Pad19)")
  (net 93 "Net-(U1-Pad6)")
  (net 94 "Net-(U1-Pad20)")
  (net 95 "Net-(U1-Pad7)")
  (net 96 "Net-(U1-Pad21)")
  (net 97 "Net-(U1-Pad8)")
  (net 98 "Net-(U1-Pad22)")
  (net 99 "Net-(U1-Pad23)")
  (net 100 "Net-(U1-Pad24)")
  (net 101 "Net-(U1-Pad25)")
  (net 102 "Net-(U3-Pad1)")
  (net 103 "Net-(U3-Pad6)")
  (net 104 "Net-(U3-Pad7)")
  (net 105 "Net-(U3-Pad9)")
  (net 106 "Net-(U3-Pad10)")
  (net 107 "Net-(U3-Pad12)")
  (net 108 "Net-(U3-Pad13)")
  (net 109 "Net-(U3-Pad16)")
  (net 110 "Net-(U3-Pad17)")
  (net 111 "Net-(U3-Pad18)")
  (net 112 "Net-(U3-Pad19)")
  (net 113 "Net-(U3-Pad32)")
  (net 114 "Net-(U3-Pad43)")
  (net 115 "Net-(U3-Pad48)")
  (net 116 "Net-(U3-Pad54)")
  (net 117 "Net-(U3-Pad55)")
  (net 118 "Net-(U3-Pad56)")
  (net 119 "Net-(U3-Pad57)")
  (net 120 "Net-(U3-Pad58)")
  (net 121 "Net-(J1-Pad1)")
  (net 122 "Net-(J2-Pad2)")
  (net 123 "Net-(J3-Pad1)")
  (net 124 "Net-(J3-Pad2)")
  (net 125 "Net-(J5-Pad2)")
  (net 126 "Net-(J7-Pad1)")
  (net 127 "Net-(J8-Pad1)")
  (net 128 "Net-(J10-Pad1)")
  (net 129 "Net-(J11-Pad2)")
  (net 130 "Net-(J12-Pad1)")
  (net 131 "Net-(J13-Pad2)")
  (net 132 "Net-(J18-Pad2)")
  (net 133 "Net-(J20-Pad2)")
  (net 134 "Net-(J21-Pad2)")
  (net 135 "Net-(J22-Pad1)")
  (net 136 "Net-(J22-Pad2)")
  (net 137 "Net-(U1-Pad3)")
  (net 138 "Net-(U1-Pad9)")
  (net 139 "Net-(U1-Pad26)")
  (net 140 "Net-(U1-Pad29)")
  (net 141 "Net-(U1-Pad30)")
  (net 142 "Net-(Prog1-Pad1)")
  (net 143 "Net-(Prog1-Pad2)")

  (net_class Default "This is the default net class."
    (clearance 0.15)
    (trace_width 0.2)
    (via_dia 0.7)
    (via_drill 0.4)
    (uvia_dia 0.3)
    (uvia_drill 0.1)
    (add_net +5V)
    (add_net /Input_filter/DC_1)
    (add_net /Input_filter/DC_2)
    (add_net /Keypad/Mhole_1)
    (add_net /Keypad/Mhole_2)
    (add_net /Keypad/Mhole_3)
    (add_net /Keypad/Mhole_4)
    (add_net /Keypad/col_1)
    (add_net /Keypad/col_2)
    (add_net /Keypad/col_3)
    (add_net /Keypad/row_1)
    (add_net /Keypad/row_2)
    (add_net /Keypad/row_3)
    (add_net /Keypad/row_4)
    (add_net /LCD_/Backlight)
    (add_net /LCD_/D4)
    (add_net /LCD_/D5)
    (add_net /LCD_/D6)
    (add_net /LCD_/D7)
    (add_net /LCD_/EN)
    (add_net /LCD_/Mhole_1)
    (add_net /LCD_/Mhole_2)
    (add_net /LCD_/RS)
    (add_net BUTT1)
    (add_net BUTT2)
    (add_net Buzzer)
    (add_net Capacitive_button_1)
    (add_net Capacitive_button_2)
    (add_net DAC)
    (add_net GNDREF)
    (add_net LDR_divider)
    (add_net LED1)
    (add_net LED2)
    (add_net LED3)
    (add_net LED4)
    (add_net MISO)
    (add_net MOSI)
    (add_net "Net-(18pF1-Pad1)")
    (add_net "Net-(18pF2-Pad1)")
    (add_net "Net-(BZ1-Pad2)")
    (add_net "Net-(C11-Pad1)")
    (add_net "Net-(C13-Pad1)")
    (add_net "Net-(C14-Pad1)")
    (add_net "Net-(C5-Pad1)")
    (add_net "Net-(C8-Pad2)")
    (add_net "Net-(D4-Pad1)")
    (add_net "Net-(D5-Pad1)")
    (add_net "Net-(D6-Pad1)")
    (add_net "Net-(D7-Pad1)")
    (add_net "Net-(D8-Pad2)")
    (add_net "Net-(Error1-Pad1)")
    (add_net "Net-(Error1-Pad2)")
    (add_net "Net-(F1-Pad2)")
    (add_net "Net-(Heartbeat1-Pad1)")
    (add_net "Net-(Heartbeat1-Pad2)")
    (add_net "Net-(J1-Pad1)")
    (add_net "Net-(J10-Pad1)")
    (add_net "Net-(J11-Pad2)")
    (add_net "Net-(J12-Pad1)")
    (add_net "Net-(J13-Pad2)")
    (add_net "Net-(J15-Pad1)")
    (add_net "Net-(J15-Pad3)")
    (add_net "Net-(J15-Pad5)")
    (add_net "Net-(J16-Pad16)")
    (add_net "Net-(J16-Pad3)")
    (add_net "Net-(J18-Pad2)")
    (add_net "Net-(J2-Pad2)")
    (add_net "Net-(J20-Pad2)")
    (add_net "Net-(J21-Pad2)")
    (add_net "Net-(J22-Pad1)")
    (add_net "Net-(J22-Pad2)")
    (add_net "Net-(J24-Pad1)")
    (add_net "Net-(J25-Pad1)")
    (add_net "Net-(J26-Pad1)")
    (add_net "Net-(J27-Pad1)")
    (add_net "Net-(J3-Pad1)")
    (add_net "Net-(J3-Pad2)")
    (add_net "Net-(J4-Pad1)")
    (add_net "Net-(J4-Pad2)")
    (add_net "Net-(J4-Pad3)")
    (add_net "Net-(J5-Pad2)")
    (add_net "Net-(J6-Pad1)")
    (add_net "Net-(J7-Pad1)")
    (add_net "Net-(J8-Pad1)")
    (add_net "Net-(NecessaryCap1-Pad1)")
    (add_net "Net-(Prog1-Pad1)")
    (add_net "Net-(Prog1-Pad2)")
    (add_net "Net-(Q2-Pad2)")
    (add_net "Net-(Q3-Pad1)")
    (add_net "Net-(Q3-Pad3)")
    (add_net "Net-(Q4-Pad1)")
    (add_net "Net-(Q4-Pad3)")
    (add_net "Net-(R16-Pad2)")
    (add_net "Net-(R4-Pad1)")
    (add_net "Net-(SW4-Pad4)")
    (add_net "Net-(SW4-Pad5)")
    (add_net "Net-(U1-Pad1)")
    (add_net "Net-(U1-Pad17)")
    (add_net "Net-(U1-Pad18)")
    (add_net "Net-(U1-Pad19)")
    (add_net "Net-(U1-Pad2)")
    (add_net "Net-(U1-Pad20)")
    (add_net "Net-(U1-Pad21)")
    (add_net "Net-(U1-Pad22)")
    (add_net "Net-(U1-Pad23)")
    (add_net "Net-(U1-Pad24)")
    (add_net "Net-(U1-Pad25)")
    (add_net "Net-(U1-Pad26)")
    (add_net "Net-(U1-Pad29)")
    (add_net "Net-(U1-Pad3)")
    (add_net "Net-(U1-Pad30)")
    (add_net "Net-(U1-Pad5)")
    (add_net "Net-(U1-Pad6)")
    (add_net "Net-(U1-Pad7)")
    (add_net "Net-(U1-Pad8)")
    (add_net "Net-(U1-Pad9)")
    (add_net "Net-(U3-Pad1)")
    (add_net "Net-(U3-Pad10)")
    (add_net "Net-(U3-Pad12)")
    (add_net "Net-(U3-Pad13)")
    (add_net "Net-(U3-Pad16)")
    (add_net "Net-(U3-Pad17)")
    (add_net "Net-(U3-Pad18)")
    (add_net "Net-(U3-Pad19)")
    (add_net "Net-(U3-Pad32)")
    (add_net "Net-(U3-Pad43)")
    (add_net "Net-(U3-Pad48)")
    (add_net "Net-(U3-Pad54)")
    (add_net "Net-(U3-Pad55)")
    (add_net "Net-(U3-Pad56)")
    (add_net "Net-(U3-Pad57)")
    (add_net "Net-(U3-Pad58)")
    (add_net "Net-(U3-Pad6)")
    (add_net "Net-(U3-Pad7)")
    (add_net "Net-(U3-Pad9)")
    (add_net Pot.meter)
    (add_net RESET_MEGA)
    (add_net ROTA)
    (add_net ROTB)
    (add_net SCK)
    (add_net Temperature)
    (add_net UART_TX)
    (add_net Voltage_sensor)
  )

  (module Housings_QFP:TQFP-64_14x14mm_Pitch0.8mm (layer F.Cu) (tedit 58CC9A48) (tstamp 5EDCFE3B)
    (at 131.826 89.662)
    (descr "64-Lead Plastic Thin Quad Flatpack (PF) - 14x14x1 mm Body, 2.00 mm [TQFP] (see Microchip Packaging Specification 00000049BS.pdf)")
    (tags "QFP 0.8")
    (path /5D2FAE54)
    (attr smd)
    (fp_text reference U3 (at 0 -9.45) (layer F.SilkS)
      (effects (font (size 1 1) (thickness 0.15)))
    )
    (fp_text value ATMEGA128-16AU (at 0 9.45) (layer F.Fab)
      (effects (font (size 1 1) (thickness 0.15)))
    )
    (fp_text user %R (at 0 0) (layer F.Fab)
      (effects (font (size 1 1) (thickness 0.15)))
    )
    (fp_line (start -6 -7) (end 7 -7) (layer F.Fab) (width 0.15))
    (fp_line (start 7 -7) (end 7 7) (layer F.Fab) (width 0.15))
    (fp_line (start 7 7) (end -7 7) (layer F.Fab) (width 0.15))
    (fp_line (start -7 7) (end -7 -6) (layer F.Fab) (width 0.15))
    (fp_line (start -7 -6) (end -6 -7) (layer F.Fab) (width 0.15))
    (fp_line (start -8.7 -8.7) (end -8.7 8.7) (layer F.CrtYd) (width 0.05))
    (fp_line (start 8.7 -8.7) (end 8.7 8.7) (layer F.CrtYd) (width 0.05))
    (fp_line (start -8.7 -8.7) (end 8.7 -8.7) (layer F.CrtYd) (width 0.05))
    (fp_line (start -8.7 8.7) (end 8.7 8.7) (layer F.CrtYd) (width 0.05))
    (fp_line (start -7.175 -7.175) (end -7.175 -6.6) (layer F.SilkS) (width 0.15))
    (fp_line (start 7.175 -7.175) (end 7.175 -6.5) (layer F.SilkS) (width 0.15))
    (fp_line (start 7.175 7.175) (end 7.175 6.5) (layer F.SilkS) (width 0.15))
    (fp_line (start -7.175 7.175) (end -7.175 6.5) (layer F.SilkS) (width 0.15))
    (fp_line (start -7.175 -7.175) (end -6.5 -7.175) (layer F.SilkS) (width 0.15))
    (fp_line (start -7.175 7.175) (end -6.5 7.175) (layer F.SilkS) (width 0.15))
    (fp_line (start 7.175 7.175) (end 6.5 7.175) (layer F.SilkS) (width 0.15))
    (fp_line (start 7.175 -7.175) (end 6.5 -7.175) (layer F.SilkS) (width 0.15))
    (fp_line (start -7.175 -6.6) (end -8.45 -6.6) (layer F.SilkS) (width 0.15))
    (pad 1 smd rect (at -7.7 -6) (size 1.5 0.55) (layers F.Cu F.Paste F.Mask)
      (net 102 "Net-(U3-Pad1)"))
    (pad 2 smd rect (at -7.7 -5.2) (size 1.5 0.55) (layers F.Cu F.Paste F.Mask)
      (net 72 MOSI))
    (pad 3 smd rect (at -7.7 -4.4) (size 1.5 0.55) (layers F.Cu F.Paste F.Mask)
      (net 135 "Net-(J22-Pad1)"))
    (pad 4 smd rect (at -7.7 -3.6) (size 1.5 0.55) (layers F.Cu F.Paste F.Mask)
      (net 35 Pot.meter))
    (pad 5 smd rect (at -7.7 -2.8) (size 1.5 0.55) (layers F.Cu F.Paste F.Mask)
      (net 36 LDR_divider))
    (pad 6 smd rect (at -7.7 -2) (size 1.5 0.55) (layers F.Cu F.Paste F.Mask)
      (net 103 "Net-(U3-Pad6)"))
    (pad 7 smd rect (at -7.7 -1.2) (size 1.5 0.55) (layers F.Cu F.Paste F.Mask)
      (net 104 "Net-(U3-Pad7)"))
    (pad 8 smd rect (at -7.7 -0.4) (size 1.5 0.55) (layers F.Cu F.Paste F.Mask)
      (net 2 GNDREF))
    (pad 9 smd rect (at -7.7 0.4) (size 1.5 0.55) (layers F.Cu F.Paste F.Mask)
      (net 105 "Net-(U3-Pad9)"))
    (pad 10 smd rect (at -7.7 1.2) (size 1.5 0.55) (layers F.Cu F.Paste F.Mask)
      (net 106 "Net-(U3-Pad10)"))
    (pad 11 smd rect (at -7.7 2) (size 1.5 0.55) (layers F.Cu F.Paste F.Mask)
      (net 87 SCK))
    (pad 12 smd rect (at -7.7 2.8) (size 1.5 0.55) (layers F.Cu F.Paste F.Mask)
      (net 107 "Net-(U3-Pad12)"))
    (pad 13 smd rect (at -7.7 3.6) (size 1.5 0.55) (layers F.Cu F.Paste F.Mask)
      (net 108 "Net-(U3-Pad13)"))
    (pad 14 smd rect (at -7.7 4.4) (size 1.5 0.55) (layers F.Cu F.Paste F.Mask)
      (net 77 Buzzer))
    (pad 15 smd rect (at -7.7 5.2) (size 1.5 0.55) (layers F.Cu F.Paste F.Mask)
      (net 75 DAC))
    (pad 16 smd rect (at -7.7 6) (size 1.5 0.55) (layers F.Cu F.Paste F.Mask)
      (net 109 "Net-(U3-Pad16)"))
    (pad 17 smd rect (at -6 7.7 90) (size 1.5 0.55) (layers F.Cu F.Paste F.Mask)
      (net 110 "Net-(U3-Pad17)"))
    (pad 18 smd rect (at -5.2 7.7 90) (size 1.5 0.55) (layers F.Cu F.Paste F.Mask)
      (net 111 "Net-(U3-Pad18)"))
    (pad 19 smd rect (at -4.4 7.7 90) (size 1.5 0.55) (layers F.Cu F.Paste F.Mask)
      (net 112 "Net-(U3-Pad19)"))
    (pad 20 smd rect (at -3.6 7.7 90) (size 1.5 0.55) (layers F.Cu F.Paste F.Mask)
      (net 74 RESET_MEGA))
    (pad 21 smd rect (at -2.8 7.7 90) (size 1.5 0.55) (layers F.Cu F.Paste F.Mask)
      (net 4 +5V))
    (pad 22 smd rect (at -2 7.7 90) (size 1.5 0.55) (layers F.Cu F.Paste F.Mask)
      (net 2 GNDREF))
    (pad 23 smd rect (at -1.2 7.7 90) (size 1.5 0.55) (layers F.Cu F.Paste F.Mask)
      (net 1 "Net-(18pF1-Pad1)"))
    (pad 24 smd rect (at -0.4 7.7 90) (size 1.5 0.55) (layers F.Cu F.Paste F.Mask)
      (net 3 "Net-(18pF2-Pad1)"))
    (pad 25 smd rect (at 0.4 7.7 90) (size 1.5 0.55) (layers F.Cu F.Paste F.Mask)
      (net 78 /Keypad/col_2))
    (pad 26 smd rect (at 1.2 7.7 90) (size 1.5 0.55) (layers F.Cu F.Paste F.Mask)
      (net 39 /Keypad/row_1))
    (pad 27 smd rect (at 2 7.7 90) (size 1.5 0.55) (layers F.Cu F.Paste F.Mask)
      (net 79 /Keypad/col_1))
    (pad 28 smd rect (at 2.8 7.7 90) (size 1.5 0.55) (layers F.Cu F.Paste F.Mask)
      (net 41 /Keypad/row_4))
    (pad 29 smd rect (at 3.6 7.7 90) (size 1.5 0.55) (layers F.Cu F.Paste F.Mask)
      (net 80 /Keypad/col_3))
    (pad 30 smd rect (at 4.4 7.7 90) (size 1.5 0.55) (layers F.Cu F.Paste F.Mask)
      (net 43 /Keypad/row_3))
    (pad 31 smd rect (at 5.2 7.7 90) (size 1.5 0.55) (layers F.Cu F.Paste F.Mask)
      (net 44 /Keypad/row_2))
    (pad 32 smd rect (at 6 7.7 90) (size 1.5 0.55) (layers F.Cu F.Paste F.Mask)
      (net 113 "Net-(U3-Pad32)"))
    (pad 33 smd rect (at 7.7 6) (size 1.5 0.55) (layers F.Cu F.Paste F.Mask)
      (net 54 Capacitive_button_1))
    (pad 34 smd rect (at 7.7 5.2) (size 1.5 0.55) (layers F.Cu F.Paste F.Mask)
      (net 53 Capacitive_button_2))
    (pad 35 smd rect (at 7.7 4.4) (size 1.5 0.55) (layers F.Cu F.Paste F.Mask)
      (net 82 BUTT1))
    (pad 36 smd rect (at 7.7 3.6) (size 1.5 0.55) (layers F.Cu F.Paste F.Mask)
      (net 83 BUTT2))
    (pad 37 smd rect (at 7.7 2.8) (size 1.5 0.55) (layers F.Cu F.Paste F.Mask)
      (net 17 LED1))
    (pad 38 smd rect (at 7.7 2) (size 1.5 0.55) (layers F.Cu F.Paste F.Mask)
      (net 19 LED2))
    (pad 39 smd rect (at 7.7 1.2) (size 1.5 0.55) (layers F.Cu F.Paste F.Mask)
      (net 21 LED3))
    (pad 40 smd rect (at 7.7 0.4) (size 1.5 0.55) (layers F.Cu F.Paste F.Mask)
      (net 23 LED4))
    (pad 41 smd rect (at 7.7 -0.4) (size 1.5 0.55) (layers F.Cu F.Paste F.Mask)
      (net 11 ROTB))
    (pad 42 smd rect (at 7.7 -1.2) (size 1.5 0.55) (layers F.Cu F.Paste F.Mask)
      (net 9 ROTA))
    (pad 43 smd rect (at 7.7 -2) (size 1.5 0.55) (layers F.Cu F.Paste F.Mask)
      (net 114 "Net-(U3-Pad43)"))
    (pad 44 smd rect (at 7.7 -2.8) (size 1.5 0.55) (layers F.Cu F.Paste F.Mask)
      (net 51 /LCD_/D7))
    (pad 45 smd rect (at 7.7 -3.6) (size 1.5 0.55) (layers F.Cu F.Paste F.Mask)
      (net 50 /LCD_/D6))
    (pad 46 smd rect (at 7.7 -4.4) (size 1.5 0.55) (layers F.Cu F.Paste F.Mask)
      (net 49 /LCD_/D5))
    (pad 47 smd rect (at 7.7 -5.2) (size 1.5 0.55) (layers F.Cu F.Paste F.Mask)
      (net 48 /LCD_/D4))
    (pad 48 smd rect (at 7.7 -6) (size 1.5 0.55) (layers F.Cu F.Paste F.Mask)
      (net 115 "Net-(U3-Pad48)"))
    (pad 49 smd rect (at 6 -7.7 90) (size 1.5 0.55) (layers F.Cu F.Paste F.Mask)
      (net 47 /LCD_/EN))
    (pad 50 smd rect (at 5.2 -7.7 90) (size 1.5 0.55) (layers F.Cu F.Paste F.Mask)
      (net 46 /LCD_/RS))
    (pad 51 smd rect (at 4.4 -7.7 90) (size 1.5 0.55) (layers F.Cu F.Paste F.Mask)
      (net 81 /LCD_/Backlight))
    (pad 52 smd rect (at 3.6 -7.7 90) (size 1.5 0.55) (layers F.Cu F.Paste F.Mask)
      (net 4 +5V))
    (pad 53 smd rect (at 2.8 -7.7 90) (size 1.5 0.55) (layers F.Cu F.Paste F.Mask)
      (net 2 GNDREF))
    (pad 54 smd rect (at 2 -7.7 90) (size 1.5 0.55) (layers F.Cu F.Paste F.Mask)
      (net 116 "Net-(U3-Pad54)"))
    (pad 55 smd rect (at 1.2 -7.7 90) (size 1.5 0.55) (layers F.Cu F.Paste F.Mask)
      (net 117 "Net-(U3-Pad55)"))
    (pad 56 smd rect (at 0.4 -7.7 90) (size 1.5 0.55) (layers F.Cu F.Paste F.Mask)
      (net 118 "Net-(U3-Pad56)"))
    (pad 57 smd rect (at -0.4 -7.7 90) (size 1.5 0.55) (layers F.Cu F.Paste F.Mask)
      (net 119 "Net-(U3-Pad57)"))
    (pad 58 smd rect (at -1.2 -7.7 90) (size 1.5 0.55) (layers F.Cu F.Paste F.Mask)
      (net 120 "Net-(U3-Pad58)"))
    (pad 59 smd rect (at -2 -7.7 90) (size 1.5 0.55) (layers F.Cu F.Paste F.Mask)
      (net 36 LDR_divider))
    (pad 60 smd rect (at -2.8 -7.7 90) (size 1.5 0.55) (layers F.Cu F.Paste F.Mask)
      (net 15 Temperature))
    (pad 61 smd rect (at -3.6 -7.7 90) (size 1.5 0.55) (layers F.Cu F.Paste F.Mask)
      (net 8 Voltage_sensor))
    (pad 62 smd rect (at -4.4 -7.7 90) (size 1.5 0.55) (layers F.Cu F.Paste F.Mask)
      (net 6 "Net-(C5-Pad1)"))
    (pad 63 smd rect (at -5.2 -7.7 90) (size 1.5 0.55) (layers F.Cu F.Paste F.Mask)
      (net 2 GNDREF))
    (pad 64 smd rect (at -6 -7.7 90) (size 1.5 0.55) (layers F.Cu F.Paste F.Mask)
      (net 7 "Net-(C8-Pad2)"))
    (model ${KISYS3DMOD}/Housings_QFP.3dshapes/TQFP-64_14x14mm_Pitch0.8mm.wrl
      (at (xyz 0 0 0))
      (scale (xyz 1 1 1))
      (rotate (xyz 0 0 0))
    )
  )

  (module Capacitors_SMD:C_1206_HandSoldering (layer F.Cu) (tedit 5F1F1119) (tstamp 5EDCF775)
    (at 128.27 109.347)
    (descr "Capacitor SMD 1206, hand soldering")
    (tags "capacitor 1206")
    (path /5D758789)
    (attr smd)
    (fp_text reference 18pF1 (at 0 2.159) (layer F.SilkS)
      (effects (font (size 1 1) (thickness 0.15)))
    )
    (fp_text value 18pF (at 0 2) (layer F.Fab)
      (effects (font (size 1 1) (thickness 0.15)))
    )
    (fp_text user %R (at 0 2.159) (layer F.Fab)
      (effects (font (size 1 1) (thickness 0.15)))
    )
    (fp_line (start -1.6 0.8) (end -1.6 -0.8) (layer F.Fab) (width 0.1))
    (fp_line (start 1.6 0.8) (end -1.6 0.8) (layer F.Fab) (width 0.1))
    (fp_line (start 1.6 -0.8) (end 1.6 0.8) (layer F.Fab) (width 0.1))
    (fp_line (start -1.6 -0.8) (end 1.6 -0.8) (layer F.Fab) (width 0.1))
    (fp_line (start 1 -1.02) (end -1 -1.02) (layer F.SilkS) (width 0.12))
    (fp_line (start -1 1.02) (end 1 1.02) (layer F.SilkS) (width 0.12))
    (fp_line (start -3.25 -1.05) (end 3.25 -1.05) (layer F.CrtYd) (width 0.05))
    (fp_line (start -3.25 -1.05) (end -3.25 1.05) (layer F.CrtYd) (width 0.05))
    (fp_line (start 3.25 1.05) (end 3.25 -1.05) (layer F.CrtYd) (width 0.05))
    (fp_line (start 3.25 1.05) (end -3.25 1.05) (layer F.CrtYd) (width 0.05))
    (pad 1 smd rect (at -2 0) (size 2 1.6) (layers F.Cu F.Paste F.Mask)
      (net 1 "Net-(18pF1-Pad1)"))
    (pad 2 smd rect (at 2 0) (size 2 1.6) (layers F.Cu F.Paste F.Mask)
      (net 2 GNDREF))
    (model Capacitors_SMD.3dshapes/C_1206.wrl
      (at (xyz 0 0 0))
      (scale (xyz 1 1 1))
      (rotate (xyz 0 0 0))
    )
  )

  (module Capacitors_SMD:C_1206_HandSoldering (layer F.Cu) (tedit 5F1F116A) (tstamp 5EDCF786)
    (at 135.89 109.347 180)
    (descr "Capacitor SMD 1206, hand soldering")
    (tags "capacitor 1206")
    (path /5D758885)
    (attr smd)
    (fp_text reference 18pF2 (at 0 -2.159 180) (layer F.SilkS)
      (effects (font (size 1 1) (thickness 0.15)))
    )
    (fp_text value 18pF (at 0 2 180) (layer F.Fab)
      (effects (font (size 1 1) (thickness 0.15)))
    )
    (fp_text user %R (at 0 -2.159 180) (layer F.Fab)
      (effects (font (size 1 1) (thickness 0.15)))
    )
    (fp_line (start -1.6 0.8) (end -1.6 -0.8) (layer F.Fab) (width 0.1))
    (fp_line (start 1.6 0.8) (end -1.6 0.8) (layer F.Fab) (width 0.1))
    (fp_line (start 1.6 -0.8) (end 1.6 0.8) (layer F.Fab) (width 0.1))
    (fp_line (start -1.6 -0.8) (end 1.6 -0.8) (layer F.Fab) (width 0.1))
    (fp_line (start 1 -1.02) (end -1 -1.02) (layer F.SilkS) (width 0.12))
    (fp_line (start -1 1.02) (end 1 1.02) (layer F.SilkS) (width 0.12))
    (fp_line (start -3.25 -1.05) (end 3.25 -1.05) (layer F.CrtYd) (width 0.05))
    (fp_line (start -3.25 -1.05) (end -3.25 1.05) (layer F.CrtYd) (width 0.05))
    (fp_line (start 3.25 1.05) (end 3.25 -1.05) (layer F.CrtYd) (width 0.05))
    (fp_line (start 3.25 1.05) (end -3.25 1.05) (layer F.CrtYd) (width 0.05))
    (pad 1 smd rect (at -2 0 180) (size 2 1.6) (layers F.Cu F.Paste F.Mask)
      (net 3 "Net-(18pF2-Pad1)"))
    (pad 2 smd rect (at 2 0 180) (size 2 1.6) (layers F.Cu F.Paste F.Mask)
      (net 2 GNDREF))
    (model Capacitors_SMD.3dshapes/C_1206.wrl
      (at (xyz 0 0 0))
      (scale (xyz 1 1 1))
      (rotate (xyz 0 0 0))
    )
  )

  (module Buzzers_Beepers:MagneticBuzzer_ProSignal_ABT-410-RC (layer F.Cu) (tedit 58B1D34E) (tstamp 5EDCF793)
    (at 67.183 103.378)
    (descr "Buzzer, Elektromagnetic Beeper, Summer, 1,5V-DC,")
    (tags "Pro Signal ABT-410-RC ")
    (path /5D32370A/5D323BE7)
    (fp_text reference BZ1 (at 3.25 -7) (layer F.SilkS)
      (effects (font (size 1 1) (thickness 0.15)))
    )
    (fp_text value Buzzer (at 3.25 7) (layer F.Fab)
      (effects (font (size 1 1) (thickness 0.15)))
    )
    (fp_text user + (at 0 -1.8) (layer F.Fab)
      (effects (font (size 1 1) (thickness 0.15)))
    )
    (fp_circle (center 3.25 0) (end 9.5 0) (layer F.CrtYd) (width 0.05))
    (fp_circle (center 3.25 0) (end 9.35 0) (layer F.SilkS) (width 0.12))
    (fp_text user + (at 0 -1.8) (layer F.SilkS)
      (effects (font (size 1 1) (thickness 0.15)))
    )
    (fp_text user %R (at 3.25 -7) (layer F.Fab)
      (effects (font (size 1 1) (thickness 0.15)))
    )
    (fp_circle (center 3.25 0) (end 4.4 0) (layer F.Fab) (width 0.1))
    (fp_circle (center 3.25 0) (end 9.25 0) (layer F.Fab) (width 0.1))
    (pad 1 thru_hole rect (at 0 0) (size 1.6 1.6) (drill 1) (layers *.Cu *.Mask)
      (net 4 +5V))
    (pad 2 thru_hole circle (at 6.5 0) (size 1.6 1.6) (drill 1) (layers *.Cu *.Mask)
      (net 5 "Net-(BZ1-Pad2)"))
    (model ${KISYS3DMOD}/Buzzers_Beepers.3dshapes/MagneticBuzzer_ProSignal_ABT-410-RC.wrl
      (at (xyz 0 0 0))
      (scale (xyz 1 1 1))
      (rotate (xyz 0 0 0))
    )
  )

  (module Capacitors_SMD:C_1206_HandSoldering (layer B.Cu) (tedit 58AA84D1) (tstamp 5EDCF7A4)
    (at 91.821 47.879 180)
    (descr "Capacitor SMD 1206, hand soldering")
    (tags "capacitor 1206")
    (path /5E6A3755)
    (attr smd)
    (fp_text reference C2 (at 0 1.75 180) (layer B.SilkS)
      (effects (font (size 1 1) (thickness 0.15)) (justify mirror))
    )
    (fp_text value 100nF (at 0 -2 180) (layer B.Fab)
      (effects (font (size 1 1) (thickness 0.15)) (justify mirror))
    )
    (fp_text user %R (at 0 1.75 180) (layer B.Fab)
      (effects (font (size 1 1) (thickness 0.15)) (justify mirror))
    )
    (fp_line (start -1.6 -0.8) (end -1.6 0.8) (layer B.Fab) (width 0.1))
    (fp_line (start 1.6 -0.8) (end -1.6 -0.8) (layer B.Fab) (width 0.1))
    (fp_line (start 1.6 0.8) (end 1.6 -0.8) (layer B.Fab) (width 0.1))
    (fp_line (start -1.6 0.8) (end 1.6 0.8) (layer B.Fab) (width 0.1))
    (fp_line (start 1 1.02) (end -1 1.02) (layer B.SilkS) (width 0.12))
    (fp_line (start -1 -1.02) (end 1 -1.02) (layer B.SilkS) (width 0.12))
    (fp_line (start -3.25 1.05) (end 3.25 1.05) (layer B.CrtYd) (width 0.05))
    (fp_line (start -3.25 1.05) (end -3.25 -1.05) (layer B.CrtYd) (width 0.05))
    (fp_line (start 3.25 -1.05) (end 3.25 1.05) (layer B.CrtYd) (width 0.05))
    (fp_line (start 3.25 -1.05) (end -3.25 -1.05) (layer B.CrtYd) (width 0.05))
    (pad 1 smd rect (at -2 0 180) (size 2 1.6) (layers B.Cu B.Paste B.Mask)
      (net 4 +5V))
    (pad 2 smd rect (at 2 0 180) (size 2 1.6) (layers B.Cu B.Paste B.Mask)
      (net 2 GNDREF))
    (model Capacitors_SMD.3dshapes/C_1206.wrl
      (at (xyz 0 0 0))
      (scale (xyz 1 1 1))
      (rotate (xyz 0 0 0))
    )
  )

  (module Capacitors_SMD:C_1206_HandSoldering (layer B.Cu) (tedit 58AA84D1) (tstamp 5EDCF7B5)
    (at 135.128 92.202)
    (descr "Capacitor SMD 1206, hand soldering")
    (tags "capacitor 1206")
    (path /5E95D142)
    (attr smd)
    (fp_text reference C3 (at 0 1.75) (layer B.SilkS)
      (effects (font (size 1 1) (thickness 0.15)) (justify mirror))
    )
    (fp_text value C (at 0 -2) (layer B.Fab)
      (effects (font (size 1 1) (thickness 0.15)) (justify mirror))
    )
    (fp_text user %R (at 0 1.75) (layer B.Fab)
      (effects (font (size 1 1) (thickness 0.15)) (justify mirror))
    )
    (fp_line (start -1.6 -0.8) (end -1.6 0.8) (layer B.Fab) (width 0.1))
    (fp_line (start 1.6 -0.8) (end -1.6 -0.8) (layer B.Fab) (width 0.1))
    (fp_line (start 1.6 0.8) (end 1.6 -0.8) (layer B.Fab) (width 0.1))
    (fp_line (start -1.6 0.8) (end 1.6 0.8) (layer B.Fab) (width 0.1))
    (fp_line (start 1 1.02) (end -1 1.02) (layer B.SilkS) (width 0.12))
    (fp_line (start -1 -1.02) (end 1 -1.02) (layer B.SilkS) (width 0.12))
    (fp_line (start -3.25 1.05) (end 3.25 1.05) (layer B.CrtYd) (width 0.05))
    (fp_line (start -3.25 1.05) (end -3.25 -1.05) (layer B.CrtYd) (width 0.05))
    (fp_line (start 3.25 -1.05) (end 3.25 1.05) (layer B.CrtYd) (width 0.05))
    (fp_line (start 3.25 -1.05) (end -3.25 -1.05) (layer B.CrtYd) (width 0.05))
    (pad 1 smd rect (at -2 0) (size 2 1.6) (layers B.Cu B.Paste B.Mask)
      (net 4 +5V))
    (pad 2 smd rect (at 2 0) (size 2 1.6) (layers B.Cu B.Paste B.Mask)
      (net 2 GNDREF))
    (model Capacitors_SMD.3dshapes/C_1206.wrl
      (at (xyz 0 0 0))
      (scale (xyz 1 1 1))
      (rotate (xyz 0 0 0))
    )
  )

  (module Capacitors_SMD:C_1206_HandSoldering (layer B.Cu) (tedit 58AA84D1) (tstamp 5EDCF7C6)
    (at 133.096 85.852)
    (descr "Capacitor SMD 1206, hand soldering")
    (tags "capacitor 1206")
    (path /5E433AF1)
    (attr smd)
    (fp_text reference C5 (at 0 1.75) (layer B.SilkS)
      (effects (font (size 1 1) (thickness 0.15)) (justify mirror))
    )
    (fp_text value 100nF (at 0 -2) (layer B.Fab)
      (effects (font (size 1 1) (thickness 0.15)) (justify mirror))
    )
    (fp_text user %R (at 0 1.75) (layer B.Fab)
      (effects (font (size 1 1) (thickness 0.15)) (justify mirror))
    )
    (fp_line (start -1.6 -0.8) (end -1.6 0.8) (layer B.Fab) (width 0.1))
    (fp_line (start 1.6 -0.8) (end -1.6 -0.8) (layer B.Fab) (width 0.1))
    (fp_line (start 1.6 0.8) (end 1.6 -0.8) (layer B.Fab) (width 0.1))
    (fp_line (start -1.6 0.8) (end 1.6 0.8) (layer B.Fab) (width 0.1))
    (fp_line (start 1 1.02) (end -1 1.02) (layer B.SilkS) (width 0.12))
    (fp_line (start -1 -1.02) (end 1 -1.02) (layer B.SilkS) (width 0.12))
    (fp_line (start -3.25 1.05) (end 3.25 1.05) (layer B.CrtYd) (width 0.05))
    (fp_line (start -3.25 1.05) (end -3.25 -1.05) (layer B.CrtYd) (width 0.05))
    (fp_line (start 3.25 -1.05) (end 3.25 1.05) (layer B.CrtYd) (width 0.05))
    (fp_line (start 3.25 -1.05) (end -3.25 -1.05) (layer B.CrtYd) (width 0.05))
    (pad 1 smd rect (at -2 0) (size 2 1.6) (layers B.Cu B.Paste B.Mask)
      (net 6 "Net-(C5-Pad1)"))
    (pad 2 smd rect (at 2 0) (size 2 1.6) (layers B.Cu B.Paste B.Mask)
      (net 2 GNDREF))
    (model Capacitors_SMD.3dshapes/C_1206.wrl
      (at (xyz 0 0 0))
      (scale (xyz 1 1 1))
      (rotate (xyz 0 0 0))
    )
  )

  (module Capacitors_SMD:C_1206_HandSoldering (layer B.Cu) (tedit 58AA84D1) (tstamp 5EDCF7D7)
    (at 129.286 90.678 90)
    (descr "Capacitor SMD 1206, hand soldering")
    (tags "capacitor 1206")
    (path /5E41E26D)
    (attr smd)
    (fp_text reference C8 (at 0 1.75 90) (layer B.SilkS)
      (effects (font (size 1 1) (thickness 0.15)) (justify mirror))
    )
    (fp_text value 100n (at 0 -2 90) (layer B.Fab)
      (effects (font (size 1 1) (thickness 0.15)) (justify mirror))
    )
    (fp_text user %R (at 0 1.75 90) (layer B.Fab)
      (effects (font (size 1 1) (thickness 0.15)) (justify mirror))
    )
    (fp_line (start -1.6 -0.8) (end -1.6 0.8) (layer B.Fab) (width 0.1))
    (fp_line (start 1.6 -0.8) (end -1.6 -0.8) (layer B.Fab) (width 0.1))
    (fp_line (start 1.6 0.8) (end 1.6 -0.8) (layer B.Fab) (width 0.1))
    (fp_line (start -1.6 0.8) (end 1.6 0.8) (layer B.Fab) (width 0.1))
    (fp_line (start 1 1.02) (end -1 1.02) (layer B.SilkS) (width 0.12))
    (fp_line (start -1 -1.02) (end 1 -1.02) (layer B.SilkS) (width 0.12))
    (fp_line (start -3.25 1.05) (end 3.25 1.05) (layer B.CrtYd) (width 0.05))
    (fp_line (start -3.25 1.05) (end -3.25 -1.05) (layer B.CrtYd) (width 0.05))
    (fp_line (start 3.25 -1.05) (end 3.25 1.05) (layer B.CrtYd) (width 0.05))
    (fp_line (start 3.25 -1.05) (end -3.25 -1.05) (layer B.CrtYd) (width 0.05))
    (pad 1 smd rect (at -2 0 90) (size 2 1.6) (layers B.Cu B.Paste B.Mask)
      (net 2 GNDREF))
    (pad 2 smd rect (at 2 0 90) (size 2 1.6) (layers B.Cu B.Paste B.Mask)
      (net 7 "Net-(C8-Pad2)"))
    (model Capacitors_SMD.3dshapes/C_1206.wrl
      (at (xyz 0 0 0))
      (scale (xyz 1 1 1))
      (rotate (xyz 0 0 0))
    )
  )

  (module Capacitors_SMD:C_1206_HandSoldering (layer F.Cu) (tedit 5F14B77E) (tstamp 5EDCF7E8)
    (at 119.634 74.803 270)
    (descr "Capacitor SMD 1206, hand soldering")
    (tags "capacitor 1206")
    (path /5C58EB86)
    (attr smd)
    (fp_text reference C9 (at 0 -1.778 270) (layer F.SilkS)
      (effects (font (size 1 1) (thickness 0.15)))
    )
    (fp_text value 100nF (at 0 2 270) (layer F.Fab)
      (effects (font (size 1 1) (thickness 0.15)))
    )
    (fp_text user %R (at 0 0.127 270) (layer F.Fab)
      (effects (font (size 1 1) (thickness 0.15)))
    )
    (fp_line (start -1.6 0.8) (end -1.6 -0.8) (layer F.Fab) (width 0.1))
    (fp_line (start 1.6 0.8) (end -1.6 0.8) (layer F.Fab) (width 0.1))
    (fp_line (start 1.6 -0.8) (end 1.6 0.8) (layer F.Fab) (width 0.1))
    (fp_line (start -1.6 -0.8) (end 1.6 -0.8) (layer F.Fab) (width 0.1))
    (fp_line (start 1 -1.02) (end -1 -1.02) (layer F.SilkS) (width 0.12))
    (fp_line (start -1 1.02) (end 1 1.02) (layer F.SilkS) (width 0.12))
    (fp_line (start -3.25 -1.05) (end 3.25 -1.05) (layer F.CrtYd) (width 0.05))
    (fp_line (start -3.25 -1.05) (end -3.25 1.05) (layer F.CrtYd) (width 0.05))
    (fp_line (start 3.25 1.05) (end 3.25 -1.05) (layer F.CrtYd) (width 0.05))
    (fp_line (start 3.25 1.05) (end -3.25 1.05) (layer F.CrtYd) (width 0.05))
    (pad 1 smd rect (at -2 0 270) (size 2 1.6) (layers F.Cu F.Paste F.Mask)
      (net 8 Voltage_sensor))
    (pad 2 smd rect (at 2 0 270) (size 2 1.6) (layers F.Cu F.Paste F.Mask)
      (net 2 GNDREF))
    (model Capacitors_SMD.3dshapes/C_1206.wrl
      (at (xyz 0 0 0))
      (scale (xyz 1 1 1))
      (rotate (xyz 0 0 0))
    )
  )

  (module Capacitors_SMD:C_1206_HandSoldering (layer B.Cu) (tedit 58AA84D1) (tstamp 5EDCF7F9)
    (at 145.288 84.836 90)
    (descr "Capacitor SMD 1206, hand soldering")
    (tags "capacitor 1206")
    (path /5C56DD7A)
    (attr smd)
    (fp_text reference C10 (at 0 1.75 90) (layer B.SilkS)
      (effects (font (size 1 1) (thickness 0.15)) (justify mirror))
    )
    (fp_text value 10nF (at 0 -2 90) (layer B.Fab)
      (effects (font (size 1 1) (thickness 0.15)) (justify mirror))
    )
    (fp_text user %R (at 0 1.75 90) (layer B.Fab)
      (effects (font (size 1 1) (thickness 0.15)) (justify mirror))
    )
    (fp_line (start -1.6 -0.8) (end -1.6 0.8) (layer B.Fab) (width 0.1))
    (fp_line (start 1.6 -0.8) (end -1.6 -0.8) (layer B.Fab) (width 0.1))
    (fp_line (start 1.6 0.8) (end 1.6 -0.8) (layer B.Fab) (width 0.1))
    (fp_line (start -1.6 0.8) (end 1.6 0.8) (layer B.Fab) (width 0.1))
    (fp_line (start 1 1.02) (end -1 1.02) (layer B.SilkS) (width 0.12))
    (fp_line (start -1 -1.02) (end 1 -1.02) (layer B.SilkS) (width 0.12))
    (fp_line (start -3.25 1.05) (end 3.25 1.05) (layer B.CrtYd) (width 0.05))
    (fp_line (start -3.25 1.05) (end -3.25 -1.05) (layer B.CrtYd) (width 0.05))
    (fp_line (start 3.25 -1.05) (end 3.25 1.05) (layer B.CrtYd) (width 0.05))
    (fp_line (start 3.25 -1.05) (end -3.25 -1.05) (layer B.CrtYd) (width 0.05))
    (pad 1 smd rect (at -2 0 90) (size 2 1.6) (layers B.Cu B.Paste B.Mask)
      (net 9 ROTA))
    (pad 2 smd rect (at 2 0 90) (size 2 1.6) (layers B.Cu B.Paste B.Mask)
      (net 2 GNDREF))
    (model Capacitors_SMD.3dshapes/C_1206.wrl
      (at (xyz 0 0 0))
      (scale (xyz 1 1 1))
      (rotate (xyz 0 0 0))
    )
  )

  (module Capacitors_SMD:C_1206_HandSoldering (layer F.Cu) (tedit 5F14A92C) (tstamp 5EDCF80A)
    (at 78.232 110.871 180)
    (descr "Capacitor SMD 1206, hand soldering")
    (tags "capacitor 1206")
    (path /5C58D3A2)
    (attr smd)
    (fp_text reference C11 (at -0.127 1.905 180) (layer F.SilkS)
      (effects (font (size 1 1) (thickness 0.15)))
    )
    (fp_text value 10nF (at 0 2 180) (layer F.Fab)
      (effects (font (size 1 1) (thickness 0.15)))
    )
    (fp_text user %R (at 0 0 180) (layer F.Fab)
      (effects (font (size 1 1) (thickness 0.15)))
    )
    (fp_line (start -1.6 0.8) (end -1.6 -0.8) (layer F.Fab) (width 0.1))
    (fp_line (start 1.6 0.8) (end -1.6 0.8) (layer F.Fab) (width 0.1))
    (fp_line (start 1.6 -0.8) (end 1.6 0.8) (layer F.Fab) (width 0.1))
    (fp_line (start -1.6 -0.8) (end 1.6 -0.8) (layer F.Fab) (width 0.1))
    (fp_line (start 1 -1.02) (end -1 -1.02) (layer F.SilkS) (width 0.12))
    (fp_line (start -1 1.02) (end 1 1.02) (layer F.SilkS) (width 0.12))
    (fp_line (start -3.25 -1.05) (end 3.25 -1.05) (layer F.CrtYd) (width 0.05))
    (fp_line (start -3.25 -1.05) (end -3.25 1.05) (layer F.CrtYd) (width 0.05))
    (fp_line (start 3.25 1.05) (end 3.25 -1.05) (layer F.CrtYd) (width 0.05))
    (fp_line (start 3.25 1.05) (end -3.25 1.05) (layer F.CrtYd) (width 0.05))
    (pad 1 smd rect (at -2 0 180) (size 2 1.6) (layers F.Cu F.Paste F.Mask)
      (net 10 "Net-(C11-Pad1)"))
    (pad 2 smd rect (at 2 0 180) (size 2 1.6) (layers F.Cu F.Paste F.Mask)
      (net 2 GNDREF))
    (model Capacitors_SMD.3dshapes/C_1206.wrl
      (at (xyz 0 0 0))
      (scale (xyz 1 1 1))
      (rotate (xyz 0 0 0))
    )
  )

  (module Capacitors_SMD:C_1206_HandSoldering (layer B.Cu) (tedit 58AA84D1) (tstamp 5EDCF81B)
    (at 149.352 86.106 90)
    (descr "Capacitor SMD 1206, hand soldering")
    (tags "capacitor 1206")
    (path /5C56DDE1)
    (attr smd)
    (fp_text reference C12 (at 0 1.75 90) (layer B.SilkS)
      (effects (font (size 1 1) (thickness 0.15)) (justify mirror))
    )
    (fp_text value 10nF (at 0 -2 90) (layer B.Fab)
      (effects (font (size 1 1) (thickness 0.15)) (justify mirror))
    )
    (fp_text user %R (at 0 1.75 90) (layer B.Fab)
      (effects (font (size 1 1) (thickness 0.15)) (justify mirror))
    )
    (fp_line (start -1.6 -0.8) (end -1.6 0.8) (layer B.Fab) (width 0.1))
    (fp_line (start 1.6 -0.8) (end -1.6 -0.8) (layer B.Fab) (width 0.1))
    (fp_line (start 1.6 0.8) (end 1.6 -0.8) (layer B.Fab) (width 0.1))
    (fp_line (start -1.6 0.8) (end 1.6 0.8) (layer B.Fab) (width 0.1))
    (fp_line (start 1 1.02) (end -1 1.02) (layer B.SilkS) (width 0.12))
    (fp_line (start -1 -1.02) (end 1 -1.02) (layer B.SilkS) (width 0.12))
    (fp_line (start -3.25 1.05) (end 3.25 1.05) (layer B.CrtYd) (width 0.05))
    (fp_line (start -3.25 1.05) (end -3.25 -1.05) (layer B.CrtYd) (width 0.05))
    (fp_line (start 3.25 -1.05) (end 3.25 1.05) (layer B.CrtYd) (width 0.05))
    (fp_line (start 3.25 -1.05) (end -3.25 -1.05) (layer B.CrtYd) (width 0.05))
    (pad 1 smd rect (at -2 0 90) (size 2 1.6) (layers B.Cu B.Paste B.Mask)
      (net 11 ROTB))
    (pad 2 smd rect (at 2 0 90) (size 2 1.6) (layers B.Cu B.Paste B.Mask)
      (net 2 GNDREF))
    (model Capacitors_SMD.3dshapes/C_1206.wrl
      (at (xyz 0 0 0))
      (scale (xyz 1 1 1))
      (rotate (xyz 0 0 0))
    )
  )

  (module Capacitors_SMD:C_1206_HandSoldering (layer F.Cu) (tedit 58AA84D1) (tstamp 5EDCF82C)
    (at 111.506 102.489)
    (descr "Capacitor SMD 1206, hand soldering")
    (tags "capacitor 1206")
    (path /5D311763)
    (attr smd)
    (fp_text reference C13 (at 0 -1.75) (layer F.SilkS)
      (effects (font (size 1 1) (thickness 0.15)))
    )
    (fp_text value 150nF (at 0 2) (layer F.Fab)
      (effects (font (size 1 1) (thickness 0.15)))
    )
    (fp_text user %R (at 0 -1.75) (layer F.Fab)
      (effects (font (size 1 1) (thickness 0.15)))
    )
    (fp_line (start -1.6 0.8) (end -1.6 -0.8) (layer F.Fab) (width 0.1))
    (fp_line (start 1.6 0.8) (end -1.6 0.8) (layer F.Fab) (width 0.1))
    (fp_line (start 1.6 -0.8) (end 1.6 0.8) (layer F.Fab) (width 0.1))
    (fp_line (start -1.6 -0.8) (end 1.6 -0.8) (layer F.Fab) (width 0.1))
    (fp_line (start 1 -1.02) (end -1 -1.02) (layer F.SilkS) (width 0.12))
    (fp_line (start -1 1.02) (end 1 1.02) (layer F.SilkS) (width 0.12))
    (fp_line (start -3.25 -1.05) (end 3.25 -1.05) (layer F.CrtYd) (width 0.05))
    (fp_line (start -3.25 -1.05) (end -3.25 1.05) (layer F.CrtYd) (width 0.05))
    (fp_line (start 3.25 1.05) (end 3.25 -1.05) (layer F.CrtYd) (width 0.05))
    (fp_line (start 3.25 1.05) (end -3.25 1.05) (layer F.CrtYd) (width 0.05))
    (pad 1 smd rect (at -2 0) (size 2 1.6) (layers F.Cu F.Paste F.Mask)
      (net 12 "Net-(C13-Pad1)"))
    (pad 2 smd rect (at 2 0) (size 2 1.6) (layers F.Cu F.Paste F.Mask)
      (net 2 GNDREF))
    (model Capacitors_SMD.3dshapes/C_1206.wrl
      (at (xyz 0 0 0))
      (scale (xyz 1 1 1))
      (rotate (xyz 0 0 0))
    )
  )

  (module Capacitors_SMD:C_1206_HandSoldering (layer F.Cu) (tedit 58AA84D1) (tstamp 5EDCF83D)
    (at 182.499 45.72 90)
    (descr "Capacitor SMD 1206, hand soldering")
    (tags "capacitor 1206")
    (path /5D111B95/5D1141B8)
    (attr smd)
    (fp_text reference C14 (at 0 -1.75 90) (layer F.SilkS)
      (effects (font (size 1 1) (thickness 0.15)))
    )
    (fp_text value 1nF (at 0 2 90) (layer F.Fab)
      (effects (font (size 1 1) (thickness 0.15)))
    )
    (fp_text user %R (at 0 -1.75 90) (layer F.Fab)
      (effects (font (size 1 1) (thickness 0.15)))
    )
