(kicad_pcb (version 4) (host pcbnew 4.0.7-e2-6376~61~ubuntu18.04.1)

  (general
    (links 180)
    (no_connects 0)
    (area 82.386099 35.484999 200.138101 148.093501)
    (thickness 1.6)
    (drawings 27)
    (tracks 787)
    (zones 0)
    (modules 90)
    (nets 101)
  )

  (page A4)
  (layers
    (0 F.Cu signal)
    (31 B.Cu signal)
    (32 B.Adhes user)
    (33 F.Adhes user)
    (34 B.Paste user)
    (35 F.Paste user)
    (36 B.SilkS user)
    (37 F.SilkS user)
    (38 B.Mask user)
    (39 F.Mask user)
    (40 Dwgs.User user)
    (41 Cmts.User user)
    (42 Eco1.User user)
    (43 Eco2.User user hide)
    (44 Edge.Cuts user)
    (45 Margin user)
    (46 B.CrtYd user)
    (47 F.CrtYd user)
    (48 B.Fab user)
    (49 F.Fab user)
  )

  (setup
    (last_trace_width 0.25)
    (user_trace_width 0.2)
    (user_trace_width 0.3)
    (user_trace_width 0.5)
    (user_trace_width 0.8)
    (user_trace_width 1)
    (user_trace_width 1.5)
    (user_trace_width 2)
    (trace_clearance 0.25)
    (zone_clearance 0.15)
    (zone_45_only no)
    (trace_min 0.25)
    (segment_width 0.2)
    (edge_width 0.15)
    (via_size 0.7)
    (via_drill 0.4)
    (via_min_size 0.7)
    (via_min_drill 0.4)
    (uvia_size 0.3)
    (uvia_drill 0.1)
    (uvias_allowed no)
    (uvia_min_size 0.2)
    (uvia_min_drill 0.1)
    (pcb_text_width 0.3)
    (pcb_text_size 1.5 1.5)
    (mod_edge_width 0.15)
    (mod_text_size 1 1)
    (mod_text_width 0.15)
    (pad_size 2.5 2.5)
    (pad_drill 2.5)
    (pad_to_mask_clearance 0.2)
    (aux_axis_origin 0 0)
    (grid_origin 82.4611 37.719)
    (visible_elements FFFEFF7F)
    (pcbplotparams
      (layerselection 0x010f0_80000001)
      (usegerberextensions true)
      (excludeedgelayer true)
      (linewidth 0.100000)
      (plotframeref false)
      (viasonmask false)
      (mode 1)
      (useauxorigin false)
      (hpglpennumber 1)
      (hpglpenspeed 20)
      (hpglpendiameter 15)
      (hpglpenoverlay 2)
      (psnegative false)
      (psa4output false)
      (plotreference true)
      (plotvalue false)
      (plotinvisibletext false)
      (padsonsilk false)
      (subtractmaskfromsilk false)
      (outputformat 1)
      (mirror false)
      (drillshape 0)
      (scaleselection 1)
      (outputdirectory Gerbz_03/))
  )

  (net 0 "")
  (net 1 "Net-(18pF1-Pad1)")
  (net 2 GNDREF)
  (net 3 "Net-(18pF2-Pad1)")
  (net 4 +5V)
  (net 5 "Net-(BZ1-Pad2)")
  (net 6 "Net-(C5-Pad1)")
  (net 7 "Net-(C8-Pad2)")
  (net 8 Voltage_sensor)
  (net 9 ROTA)
  (net 10 "Net-(C11-Pad1)")
  (net 11 ROTB)
  (net 12 "Net-(C13-Pad1)")
  (net 13 "Net-(C14-Pad1)")
  (net 14 /Input_filter/DC_2)
  (net 15 Temperature)
  (net 16 "Net-(D4-Pad1)")
  (net 17 LED1)
  (net 18 "Net-(D5-Pad1)")
  (net 19 LED2)
  (net 20 "Net-(D6-Pad1)")
  (net 21 LED3)
  (net 22 "Net-(D7-Pad1)")
  (net 23 LED4)
  (net 24 "Net-(D8-Pad2)")
  (net 25 "Net-(J4-Pad1)")
  (net 26 "Net-(J4-Pad2)")
  (net 27 "Net-(J4-Pad3)")
  (net 28 Pot.meter)
  (net 29 LDR_divider)
  (net 30 /Input_filter/DC_1)
  (net 31 "Net-(J15-Pad1)")
  (net 32 /Keypad/row_1)
  (net 33 "Net-(J15-Pad3)")
  (net 34 /Keypad/row_4)
  (net 35 "Net-(J15-Pad5)")
  (net 36 /Keypad/row_3)
  (net 37 /Keypad/row_2)
  (net 38 "Net-(J16-Pad3)")
  (net 39 /LCD_/RS)
  (net 40 /LCD_/EN)
  (net 41 /LCD_/D4)
  (net 42 /LCD_/D5)
  (net 43 /LCD_/D6)
  (net 44 /LCD_/D7)
  (net 45 "Net-(J16-Pad16)")
  (net 46 Capacitive_button_2)
  (net 47 Capacitive_button_1)
  (net 48 /Keypad/Mhole_1)
  (net 49 /Keypad/Mhole_2)
  (net 50 "Net-(J24-Pad1)")
  (net 51 "Net-(J25-Pad1)")
  (net 52 "Net-(J26-Pad1)")
  (net 53 "Net-(J27-Pad1)")
  (net 54 /Keypad/Mhole_3)
  (net 55 /Keypad/Mhole_4)
  (net 56 /LCD_/Mhole_1)
  (net 57 "Net-(Q2-Pad2)")
  (net 58 "Net-(Q3-Pad1)")
  (net 59 "Net-(Q3-Pad3)")
  (net 60 "Net-(Q4-Pad1)")
  (net 61 "Net-(Q4-Pad3)")
  (net 62 MOSI)
  (net 63 MISO)
  (net 64 RESET_MEGA)
  (net 65 DAC)
  (net 66 "Net-(R16-Pad2)")
  (net 67 Buzzer)
  (net 68 /Keypad/col_2)
  (net 69 /Keypad/col_1)
  (net 70 /Keypad/col_3)
  (net 71 /LCD_/Backlight)
  (net 72 BUTT1)
  (net 73 BUTT2)
  (net 74 SCK)
  (net 75 "Net-(U3-Pad1)")
  (net 76 "Net-(U3-Pad6)")
  (net 77 "Net-(U3-Pad7)")
  (net 78 "Net-(U3-Pad9)")
  (net 79 "Net-(U3-Pad10)")
  (net 80 "Net-(U3-Pad12)")
  (net 81 "Net-(U3-Pad13)")
  (net 82 "Net-(U3-Pad16)")
  (net 83 "Net-(U3-Pad17)")
  (net 84 "Net-(U3-Pad18)")
  (net 85 "Net-(U3-Pad19)")
  (net 86 "Net-(U3-Pad32)")
  (net 87 "Net-(U3-Pad43)")
  (net 88 "Net-(U3-Pad48)")
  (net 89 "Net-(U3-Pad54)")
  (net 90 "Net-(U3-Pad55)")
  (net 91 "Net-(U3-Pad56)")
  (net 92 "Net-(U3-Pad57)")
  (net 93 "Net-(U3-Pad58)")
  (net 94 "Net-(D1-Pad2)")
  (net 95 "Net-(R17-Pad1)")
  (net 96 "Net-(R30-Pad1)")
  (net 97 "Net-(J4-Pad5)")
  (net 98 "Net-(F1-Pad1)")
  (net 99 "Net-(U3-Pad8)")
  (net 100 "Net-(J2-Pad2)")

  (net_class Default "This is the default net class."
    (clearance 0.25)
    (trace_width 0.25)
    (via_dia 0.7)
    (via_drill 0.4)
    (uvia_dia 0.3)
    (uvia_drill 0.1)
    (add_net +5V)
    (add_net /Input_filter/DC_1)
    (add_net /Input_filter/DC_2)
    (add_net /Keypad/Mhole_1)
    (add_net /Keypad/Mhole_2)
    (add_net /Keypad/Mhole_3)
    (add_net /Keypad/Mhole_4)
    (add_net /Keypad/col_1)
    (add_net /Keypad/col_2)
    (add_net /Keypad/col_3)
    (add_net /Keypad/row_1)
    (add_net /Keypad/row_2)
    (add_net /Keypad/row_3)
    (add_net /Keypad/row_4)
    (add_net /LCD_/Backlight)
    (add_net /LCD_/D4)
    (add_net /LCD_/D5)
    (add_net /LCD_/D6)
    (add_net /LCD_/D7)
    (add_net /LCD_/EN)
    (add_net /LCD_/Mhole_1)
    (add_net /LCD_/RS)
    (add_net BUTT1)
    (add_net BUTT2)
    (add_net Buzzer)
    (add_net Capacitive_button_1)
    (add_net Capacitive_button_2)
    (add_net DAC)
    (add_net GNDREF)
    (add_net LDR_divider)
    (add_net LED1)
    (add_net LED2)
    (add_net LED3)
    (add_net LED4)
    (add_net MISO)
    (add_net MOSI)
    (add_net "Net-(18pF1-Pad1)")
    (add_net "Net-(18pF2-Pad1)")
    (add_net "Net-(BZ1-Pad2)")
    (add_net "Net-(C11-Pad1)")
    (add_net "Net-(C13-Pad1)")
    (add_net "Net-(C14-Pad1)")
    (add_net "Net-(C5-Pad1)")
    (add_net "Net-(C8-Pad2)")
    (add_net "Net-(D1-Pad2)")
    (add_net "Net-(D4-Pad1)")
    (add_net "Net-(D5-Pad1)")
    (add_net "Net-(D6-Pad1)")
    (add_net "Net-(D7-Pad1)")
    (add_net "Net-(D8-Pad2)")
    (add_net "Net-(F1-Pad1)")
    (add_net "Net-(J15-Pad1)")
    (add_net "Net-(J15-Pad3)")
    (add_net "Net-(J15-Pad5)")
    (add_net "Net-(J16-Pad16)")
    (add_net "Net-(J16-Pad3)")
    (add_net "Net-(J2-Pad2)")
    (add_net "Net-(J24-Pad1)")
    (add_net "Net-(J25-Pad1)")
    (add_net "Net-(J26-Pad1)")
    (add_net "Net-(J27-Pad1)")
    (add_net "Net-(J4-Pad1)")
    (add_net "Net-(J4-Pad2)")
    (add_net "Net-(J4-Pad3)")
    (add_net "Net-(J4-Pad5)")
    (add_net "Net-(Q2-Pad2)")
    (add_net "Net-(Q3-Pad1)")
    (add_net "Net-(Q3-Pad3)")
    (add_net "Net-(Q4-Pad1)")
    (add_net "Net-(Q4-Pad3)")
    (add_net "Net-(R16-Pad2)")
    (add_net "Net-(R17-Pad1)")
    (add_net "Net-(R30-Pad1)")
    (add_net "Net-(U3-Pad1)")
    (add_net "Net-(U3-Pad10)")
    (add_net "Net-(U3-Pad12)")
    (add_net "Net-(U3-Pad13)")
    (add_net "Net-(U3-Pad16)")
    (add_net "Net-(U3-Pad17)")
    (add_net "Net-(U3-Pad18)")
    (add_net "Net-(U3-Pad19)")
    (add_net "Net-(U3-Pad32)")
    (add_net "Net-(U3-Pad43)")
    (add_net "Net-(U3-Pad48)")
    (add_net "Net-(U3-Pad54)")
    (add_net "Net-(U3-Pad55)")
    (add_net "Net-(U3-Pad56)")
    (add_net "Net-(U3-Pad57)")
    (add_net "Net-(U3-Pad58)")
    (add_net "Net-(U3-Pad6)")
    (add_net "Net-(U3-Pad7)")
    (add_net "Net-(U3-Pad8)")
    (add_net "Net-(U3-Pad9)")
    (add_net Pot.meter)
    (add_net RESET_MEGA)
    (add_net ROTA)
    (add_net ROTB)
    (add_net SCK)
    (add_net Temperature)
    (add_net Voltage_sensor)
  )

  (module Housings_QFP:TQFP-64_14x14mm_Pitch0.8mm (layer F.Cu) (tedit 58CC9A48) (tstamp 5EDCFE3B)
    (at 131.826 89.662)
    (descr "64-Lead Plastic Thin Quad Flatpack (PF) - 14x14x1 mm Body, 2.00 mm [TQFP] (see Microchip Packaging Specification 00000049BS.pdf)")
    (tags "QFP 0.8")
    (path /5D2FAE54)
    (attr smd)
    (fp_text reference U3 (at 0 -9.45) (layer F.SilkS)
      (effects (font (size 1 1) (thickness 0.15)))
    )
    (fp_text value ATMEGA128-16AU (at 0 9.45) (layer F.Fab)
      (effects (font (size 1 1) (thickness 0.15)))
    )
    (fp_text user %R (at 0 0) (layer F.Fab)
      (effects (font (size 1 1) (thickness 0.15)))
    )
    (fp_line (start -6 -7) (end 7 -7) (layer F.Fab) (width 0.15))
    (fp_line (start 7 -7) (end 7 7) (layer F.Fab) (width 0.15))
    (fp_line (start 7 7) (end -7 7) (layer F.Fab) (width 0.15))
    (fp_line (start -7 7) (end -7 -6) (layer F.Fab) (width 0.15))
    (fp_line (start -7 -6) (end -6 -7) (layer F.Fab) (width 0.15))
    (fp_line (start -8.7 -8.7) (end -8.7 8.7) (layer F.CrtYd) (width 0.05))
    (fp_line (start 8.7 -8.7) (end 8.7 8.7) (layer F.CrtYd) (width 0.05))
    (fp_line (start -8.7 -8.7) (end 8.7 -8.7) (layer F.CrtYd) (width 0.05))
    (fp_line (start -8.7 8.7) (end 8.7 8.7) (layer F.CrtYd) (width 0.05))
    (fp_line (start -7.175 -7.175) (end -7.175 -6.6) (layer F.SilkS) (width 0.15))
    (fp_line (start 7.175 -7.175) (end 7.175 -6.5) (layer F.SilkS) (width 0.15))
    (fp_line (start 7.175 7.175) (end 7.175 6.5) (layer F.SilkS) (width 0.15))
    (fp_line (start -7.175 7.175) (end -7.175 6.5) (layer F.SilkS) (width 0.15))
    (fp_line (start -7.175 -7.175) (end -6.5 -7.175) (layer F.SilkS) (width 0.15))
    (fp_line (start -7.175 7.175) (end -6.5 7.175) (layer F.SilkS) (width 0.15))
    (fp_line (start 7.175 7.175) (end 6.5 7.175) (layer F.SilkS) (width 0.15))
    (fp_line (start 7.175 -7.175) (end 6.5 -7.175) (layer F.SilkS) (width 0.15))
    (fp_line (start -7.175 -6.6) (end -8.45 -6.6) (layer F.SilkS) (width 0.15))
    (pad 1 smd rect (at -7.7 -6) (size 1.5 0.55) (layers F.Cu F.Paste F.Mask)
      (net 75 "Net-(U3-Pad1)"))
    (pad 2 smd rect (at -7.7 -5.2) (size 1.5 0.55) (layers F.Cu F.Paste F.Mask)
      (net 62 MOSI))
    (pad 3 smd rect (at -7.7 -4.4) (size 1.5 0.55) (layers F.Cu F.Paste F.Mask)
      (net 96 "Net-(R30-Pad1)"))
    (pad 4 smd rect (at -7.7 -3.6) (size 1.5 0.55) (layers F.Cu F.Paste F.Mask)
      (net 28 Pot.meter))
    (pad 5 smd rect (at -7.7 -2.8) (size 1.5 0.55) (layers F.Cu F.Paste F.Mask)
      (net 29 LDR_divider))
    (pad 6 smd rect (at -7.7 -2) (size 1.5 0.55) (layers F.Cu F.Paste F.Mask)
      (net 76 "Net-(U3-Pad6)"))
    (pad 7 smd rect (at -7.7 -1.2) (size 1.5 0.55) (layers F.Cu F.Paste F.Mask)
      (net 77 "Net-(U3-Pad7)"))
    (pad 8 smd rect (at -7.7 -0.4) (size 1.5 0.55) (layers F.Cu F.Paste F.Mask)
      (net 99 "Net-(U3-Pad8)"))
    (pad 9 smd rect (at -7.7 0.4) (size 1.5 0.55) (layers F.Cu F.Paste F.Mask)
      (net 78 "Net-(U3-Pad9)"))
    (pad 10 smd rect (at -7.7 1.2) (size 1.5 0.55) (layers F.Cu F.Paste F.Mask)
      (net 79 "Net-(U3-Pad10)"))
    (pad 11 smd rect (at -7.7 2) (size 1.5 0.55) (layers F.Cu F.Paste F.Mask)
      (net 74 SCK))
    (pad 12 smd rect (at -7.7 2.8) (size 1.5 0.55) (layers F.Cu F.Paste F.Mask)
      (net 80 "Net-(U3-Pad12)"))
    (pad 13 smd rect (at -7.7 3.6) (size 1.5 0.55) (layers F.Cu F.Paste F.Mask)
      (net 81 "Net-(U3-Pad13)"))
    (pad 14 smd rect (at -7.7 4.4) (size 1.5 0.55) (layers F.Cu F.Paste F.Mask)
      (net 67 Buzzer))
    (pad 15 smd rect (at -7.7 5.2) (size 1.5 0.55) (layers F.Cu F.Paste F.Mask)
      (net 65 DAC))
    (pad 16 smd rect (at -7.7 6) (size 1.5 0.55) (layers F.Cu F.Paste F.Mask)
      (net 82 "Net-(U3-Pad16)"))
    (pad 17 smd rect (at -6 7.7 90) (size 1.5 0.55) (layers F.Cu F.Paste F.Mask)
      (net 83 "Net-(U3-Pad17)"))
    (pad 18 smd rect (at -5.2 7.7 90) (size 1.5 0.55) (layers F.Cu F.Paste F.Mask)
      (net 84 "Net-(U3-Pad18)"))
    (pad 19 smd rect (at -4.4 7.7 90) (size 1.5 0.55) (layers F.Cu F.Paste F.Mask)
      (net 85 "Net-(U3-Pad19)"))
    (pad 20 smd rect (at -3.6 7.7 90) (size 1.5 0.55) (layers F.Cu F.Paste F.Mask)
      (net 64 RESET_MEGA))
    (pad 21 smd rect (at -2.8 7.7 90) (size 1.5 0.55) (layers F.Cu F.Paste F.Mask)
      (net 4 +5V))
    (pad 22 smd rect (at -2 7.7 90) (size 1.5 0.55) (layers F.Cu F.Paste F.Mask)
      (net 2 GNDREF))
    (pad 23 smd rect (at -1.2 7.7 90) (size 1.5 0.55) (layers F.Cu F.Paste F.Mask)
      (net 1 "Net-(18pF1-Pad1)"))
    (pad 24 smd rect (at -0.4 7.7 90) (size 1.5 0.55) (layers F.Cu F.Paste F.Mask)
      (net 3 "Net-(18pF2-Pad1)"))
    (pad 25 smd rect (at 0.4 7.7 90) (size 1.5 0.55) (layers F.Cu F.Paste F.Mask)
      (net 68 /Keypad/col_2))
    (pad 26 smd rect (at 1.2 7.7 90) (size 1.5 0.55) (layers F.Cu F.Paste F.Mask)
      (net 32 /Keypad/row_1))
    (pad 27 smd rect (at 2 7.7 90) (size 1.5 0.55) (layers F.Cu F.Paste F.Mask)
      (net 69 /Keypad/col_1))
    (pad 28 smd rect (at 2.8 7.7 90) (size 1.5 0.55) (layers F.Cu F.Paste F.Mask)
      (net 34 /Keypad/row_4))
    (pad 29 smd rect (at 3.6 7.7 90) (size 1.5 0.55) (layers F.Cu F.Paste F.Mask)
      (net 70 /Keypad/col_3))
    (pad 30 smd rect (at 4.4 7.7 90) (size 1.5 0.55) (layers F.Cu F.Paste F.Mask)
      (net 36 /Keypad/row_3))
    (pad 31 smd rect (at 5.2 7.7 90) (size 1.5 0.55) (layers F.Cu F.Paste F.Mask)
      (net 37 /Keypad/row_2))
    (pad 32 smd rect (at 6 7.7 90) (size 1.5 0.55) (layers F.Cu F.Paste F.Mask)
      (net 86 "Net-(U3-Pad32)"))
    (pad 33 smd rect (at 7.7 6) (size 1.5 0.55) (layers F.Cu F.Paste F.Mask)
      (net 47 Capacitive_button_1))
    (pad 34 smd rect (at 7.7 5.2) (size 1.5 0.55) (layers F.Cu F.Paste F.Mask)
      (net 46 Capacitive_button_2))
    (pad 35 smd rect (at 7.7 4.4) (size 1.5 0.55) (layers F.Cu F.Paste F.Mask)
      (net 72 BUTT1))
    (pad 36 smd rect (at 7.7 3.6) (size 1.5 0.55) (layers F.Cu F.Paste F.Mask)
      (net 73 BUTT2))
    (pad 37 smd rect (at 7.7 2.8) (size 1.5 0.55) (layers F.Cu F.Paste F.Mask)
      (net 17 LED1))
    (pad 38 smd rect (at 7.7 2) (size 1.5 0.55) (layers F.Cu F.Paste F.Mask)
      (net 19 LED2))
    (pad 39 smd rect (at 7.7 1.2) (size 1.5 0.55) (layers F.Cu F.Paste F.Mask)
      (net 21 LED3))
    (pad 40 smd rect (at 7.7 0.4) (size 1.5 0.55) (layers F.Cu F.Paste F.Mask)
      (net 23 LED4))
    (pad 41 smd rect (at 7.7 -0.4) (size 1.5 0.55) (layers F.Cu F.Paste F.Mask)
      (net 11 ROTB))
    (pad 42 smd rect (at 7.7 -1.2) (size 1.5 0.55) (layers F.Cu F.Paste F.Mask)
      (net 9 ROTA))
    (pad 43 smd rect (at 7.7 -2) (size 1.5 0.55) (layers F.Cu F.Paste F.Mask)
      (net 87 "Net-(U3-Pad43)"))
    (pad 44 smd rect (at 7.7 -2.8) (size 1.5 0.55) (layers F.Cu F.Paste F.Mask)
      (net 44 /LCD_/D7))
    (pad 45 smd rect (at 7.7 -3.6) (size 1.5 0.55) (layers F.Cu F.Paste F.Mask)
      (net 43 /LCD_/D6))
    (pad 46 smd rect (at 7.7 -4.4) (size 1.5 0.55) (layers F.Cu F.Paste F.Mask)
      (net 42 /LCD_/D5))
    (pad 47 smd rect (at 7.7 -5.2) (size 1.5 0.55) (layers F.Cu F.Paste F.Mask)
      (net 41 /LCD_/D4))
    (pad 48 smd rect (at 7.7 -6) (size 1.5 0.55) (layers F.Cu F.Paste F.Mask)
      (net 88 "Net-(U3-Pad48)"))
    (pad 49 smd rect (at 6 -7.7 90) (size 1.5 0.55) (layers F.Cu F.Paste F.Mask)
      (net 40 /LCD_/EN))
    (pad 50 smd rect (at 5.2 -7.7 90) (size 1.5 0.55) (layers F.Cu F.Paste F.Mask)
      (net 39 /LCD_/RS))
    (pad 51 smd rect (at 4.4 -7.7 90) (size 1.5 0.55) (layers F.Cu F.Paste F.Mask)
      (net 71 /LCD_/Backlight))
    (pad 52 smd rect (at 3.6 -7.7 90) (size 1.5 0.55) (layers F.Cu F.Paste F.Mask)
      (net 4 +5V))
    (pad 53 smd rect (at 2.8 -7.7 90) (size 1.5 0.55) (layers F.Cu F.Paste F.Mask)
      (net 2 GNDREF))
    (pad 54 smd rect (at 2 -7.7 90) (size 1.5 0.55) (layers F.Cu F.Paste F.Mask)
      (net 89 "Net-(U3-Pad54)"))
    (pad 55 smd rect (at 1.2 -7.7 90) (size 1.5 0.55) (layers F.Cu F.Paste F.Mask)
      (net 90 "Net-(U3-Pad55)"))
    (pad 56 smd rect (at 0.4 -7.7 90) (size 1.5 0.55) (layers F.Cu F.Paste F.Mask)
      (net 91 "Net-(U3-Pad56)"))
    (pad 57 smd rect (at -0.4 -7.7 90) (size 1.5 0.55) (layers F.Cu F.Paste F.Mask)
      (net 92 "Net-(U3-Pad57)"))
    (pad 58 smd rect (at -1.2 -7.7 90) (size 1.5 0.55) (layers F.Cu F.Paste F.Mask)
      (net 93 "Net-(U3-Pad58)"))
    (pad 59 smd rect (at -2 -7.7 90) (size 1.5 0.55) (layers F.Cu F.Paste F.Mask)
      (net 29 LDR_divider))
    (pad 60 smd rect (at -2.8 -7.7 90) (size 1.5 0.55) (layers F.Cu F.Paste F.Mask)
      (net 15 Temperature))
    (pad 61 smd rect (at -3.6 -7.7 90) (size 1.5 0.55) (layers F.Cu F.Paste F.Mask)
      (net 8 Voltage_sensor))
    (pad 62 smd rect (at -4.4 -7.7 90) (size 1.5 0.55) (layers F.Cu F.Paste F.Mask)
      (net 6 "Net-(C5-Pad1)"))
    (pad 63 smd rect (at -5.2 -7.7 90) (size 1.5 0.55) (layers F.Cu F.Paste F.Mask)
      (net 2 GNDREF))
    (pad 64 smd rect (at -6 -7.7 90) (size 1.5 0.55) (layers F.Cu F.Paste F.Mask)
      (net 7 "Net-(C8-Pad2)"))
    (model ${KISYS3DMOD}/Housings_QFP.3dshapes/TQFP-64_14x14mm_Pitch0.8mm.wrl
      (at (xyz 0 0 0))
      (scale (xyz 1 1 1))
      (rotate (xyz 0 0 0))
    )
  )

  (module Potentiometers:Potentiometer_Trimmer_ACP_CA9v_Horizontal_Px10.0mm_Py5.0mm (layer F.Cu) (tedit 58826B0A) (tstamp 5EDCFD42)
    (at 102.7176 49.0855 90)
    (descr "Potentiometer, horizontally mounted, Omeg PC16PU, Omeg PC16PU, Omeg PC16PU, Vishay/Spectrol 248GJ/249GJ Single, Vishay/Spectrol 248GJ/249GJ Single, Vishay/Spectrol 248GJ/249GJ Single, Vishay/Spectrol 248GH/249GH Single, Vishay/Spectrol 148/149 Single, Vishay/Spectrol 148/149 Single, Vishay/Spectrol 148/149 Single, Vishay/Spectrol 148A/149A Single with mounting plates, Vishay/Spectrol 148/149 Double, Vishay/Spectrol 148A/149A Double with mounting plates, Piher PC-16 Single, Piher PC-16 Single, Piher PC-16 Single, Piher PC-16SV Single, Piher PC-16 Double, Piher PC-16 Triple, Piher T16H Single, Piher T16L Single, Piher T16H Double, Alps RK163 Single, Alps RK163 Double, Alps RK097 Single, Alps RK097 Double, Bourns PTV09A-2 Single with mounting sleve Single, Bourns PTV09A-1 with mounting sleve Single, Bourns PRS11S Single, Alps RK09K Single with mounting sleve Single, Alps RK09K with mounting sleve Single, Alps RK09L Single, Alps RK09L Single, Alps RK09L Double, Alps RK09L Double, Alps RK09Y Single, Bourns 3339S Single, Bourns 3339S Single, Bourns 3339P Single, Bourns 3339H Single, Vishay T7YA Single, Suntan TSR-3386H Single, Suntan TSR-3386H Single, Suntan TSR-3386P Single, Vishay T73XX Single, Vishay T73XX Single, Vishay T73YP Single, Piher PT-6h Single, Piher PT-6v Single, Piher PT-6v Single, Piher PT-10h2.5 Single, Piher PT-10h5 Single, Piher PT-101h3.8 Single, Piher PT-10v10 Single, Piher PT-10v10 Single, Piher PT-10v5 Single, Piher PT-15h5 Single, Piher PT-15h2.5 Single, Piher PT-15B Single, Piher PT-15hc5 Single, Piher PT-15v12.5 Single, Piher PT-15v12.5 Single, Piher PT-15v15 Single, Piher PT-15v15 Single, ACP CA6h Single, ACP CA6v Single, ACP CA6v Single, ACP CA6VSMD Single, ACP CA6VSMD Single, ACP CA9h2.5 Single, ACP CA9h3.8 Single, ACP CA9h5 Single, ACP CA9V Single, http://www.acptechnologies.com/wp-content/uploads/2016/12/ACP-CAT%C3%81LOGO-ENTERO-2016.pdf")
    (tags "Potentiometer horizontal  Omeg PC16PU  Omeg PC16PU  Omeg PC16PU  Vishay/Spectrol 248GJ/249GJ Single  Vishay/Spectrol 248GJ/249GJ Single  Vishay/Spectrol 248GJ/249GJ Single  Vishay/Spectrol 248GH/249GH Single  Vishay/Spectrol 148/149 Single  Vishay/Spectrol 148/149 Single  Vishay/Spectrol 148/149 Single  Vishay/Spectrol 148A/149A Single with mounting plates  Vishay/Spectrol 148/149 Double  Vishay/Spectrol 148A/149A Double with mounting plates  Piher PC-16 Single  Piher PC-16 Single  Piher PC-16 Single  Piher PC-16SV Single  Piher PC-16 Double  Piher PC-16 Triple  Piher T16H Single  Piher T16L Single  Piher T16H Double  Alps RK163 Single  Alps RK163 Double  Alps RK097 Single  Alps RK097 Double  Bourns PTV09A-2 Single with mounting sleve Single  Bourns PTV09A-1 with mounting sleve Single  Bourns PRS11S Single  Alps RK09K Single with mounting sleve Single  Alps RK09K with mounting sleve Single  Alps RK09L Single  Alps RK09L Single  Alps RK09L Double  Alps RK09L Double  Alps RK09Y Single  Bourns 3339S Single  Bourns 3339S Single  Bourns 3339P Single  Bourns 3339H Single  Vishay T7YA Single  Suntan TSR-3386H Single  Suntan TSR-3386H Single  Suntan TSR-3386P Single  Vishay T73XX Single  Vishay T73XX Single  Vishay T73YP Single  Piher PT-6h Single  Piher PT-6v Single  Piher PT-6v Single  Piher PT-10h2.5 Single  Piher PT-10h5 Single  Piher PT-101h3.8 Single  Piher PT-10v10 Single  Piher PT-10v10 Single  Piher PT-10v5 Single  Piher PT-15h5 Single  Piher PT-15h2.5 Single  Piher PT-15B Single  Piher PT-15hc5 Single  Piher PT-15v12.5 Single  Piher PT-15v12.5 Single  Piher PT-15v15 Single  Piher PT-15v15 Single  ACP CA6h Single  ACP CA6v Single  ACP CA6v Single  ACP CA6VSMD Single  ACP CA6VSMD Single  ACP CA9h2.5 Single  ACP CA9h3.8 Single  ACP CA9h5 Single  ACP CA9V Single")
    (path /5C56E1E7)
    (fp_text reference RV2 (at 5 -8.65 90) (layer F.SilkS)
      (effects (font (size 1 1) (thickness 0.15)))
    )
    (fp_text value 10k (at 5 3.65 90) (layer F.Fab)
      (effects (font (size 1 1) (thickness 0.15)))
    )
    (fp_circle (center 5 -2.5) (end 6.5 -2.5) (layer F.Fab) (width 0.1))
    (fp_circle (center 5 -2.5) (end 6.05 -2.5) (layer F.Fab) (width 0.1))
    (fp_circle (center 5 -2.5) (end 6.05 -2.5) (layer F.SilkS) (width 0.12))
    (fp_line (start 0 -7.4) (end 0 2.4) (layer F.Fab) (width 0.1))
    (fp_line (start 0 2.4) (end 10 2.4) (layer F.Fab) (width 0.1))
    (fp_line (start 10 2.4) (end 10 -7.4) (layer F.Fab) (width 0.1))
    (fp_line (start 10 -7.4) (end 0 -7.4) (layer F.Fab) (width 0.1))
    (fp_line (start -0.06 -7.461) (end 10.06 -7.461) (layer F.SilkS) (width 0.12))
    (fp_line (start -0.06 2.46) (end 10.06 2.46) (layer F.SilkS) (width 0.12))
    (fp_line (start -0.06 -7.461) (end -0.06 -6.365) (layer F.SilkS) (width 0.12))
    (fp_line (start -0.06 -3.635) (end -0.06 -1.365) (layer F.SilkS) (width 0.12))
    (fp_line (start -0.06 1.365) (end -0.06 2.46) (layer F.SilkS) (width 0.12))
    (fp_line (start 10.06 -7.461) (end 10.06 -3.865) (layer F.SilkS) (width 0.12))
    (fp_line (start 10.06 -1.135) (end 10.06 2.46) (layer F.SilkS) (width 0.12))
    (fp_line (start -1.45 -7.65) (end -1.45 2.7) (layer F.CrtYd) (width 0.05))
    (fp_line (start -1.45 2.7) (end 11.45 2.7) (layer F.CrtYd) (width 0.05))
    (fp_line (start 11.45 2.7) (end 11.45 -7.65) (layer F.CrtYd) (width 0.05))
    (fp_line (start 11.45 -7.65) (end -1.45 -7.65) (layer F.CrtYd) (width 0.05))
    (pad 3 thru_hole circle (at 0 -5 90) (size 2.34 2.34) (drill 1.3) (layers *.Cu *.Mask)
      (net 2 GNDREF))
    (pad 2 thru_hole circle (at 10 -2.5 90) (size 2.34 2.34) (drill 1.3) (layers *.Cu *.Mask)
      (net 8 Voltage_sensor))
    (pad 1 thru_hole circle (at 0 0 90) (size 2.34 2.34) (drill 1.3) (layers *.Cu *.Mask)
      (net 4 +5V))
    (model Potentiometers.3dshapes/Potentiometer_Trimmer_ACP_CA9v_Horizontal_Px10.0mm_Py5.0mm.wrl
      (at (xyz 0 0 0))
      (scale (xyz 0.393701 0.393701 0.393701))
      (rotate (xyz 0 0 0))
    )
  )

  (module Capacitors_SMD:C_1206_HandSoldering (layer F.Cu) (tedit 5F1F1119) (tstamp 5EDCF775)
    (at 127.127 106.934)
    (descr "Capacitor SMD 1206, hand soldering")
    (tags "capacitor 1206")
    (path /5D758789)
    (attr smd)
    (fp_text reference 18pF1 (at 0 2.159) (layer F.SilkS)
      (effects (font (size 1 1) (thickness 0.15)))
    )
    (fp_text value 18pF (at 0 2) (layer F.Fab)
      (effects (font (size 1 1) (thickness 0.15)))
    )
    (fp_text user %R (at 0 2.159) (layer F.Fab)
      (effects (font (size 1 1) (thickness 0.15)))
    )
    (fp_line (start -1.6 0.8) (end -1.6 -0.8) (layer F.Fab) (width 0.1))
    (fp_line (start 1.6 0.8) (end -1.6 0.8) (layer F.Fab) (width 0.1))
    (fp_line (start 1.6 -0.8) (end 1.6 0.8) (layer F.Fab) (width 0.1))
    (fp_line (start -1.6 -0.8) (end 1.6 -0.8) (layer F.Fab) (width 0.1))
    (fp_line (start 1 -1.02) (end -1 -1.02) (layer F.SilkS) (width 0.12))
    (fp_line (start -1 1.02) (end 1 1.02) (layer F.SilkS) (width 0.12))
    (fp_line (start -3.25 -1.05) (end 3.25 -1.05) (layer F.CrtYd) (width 0.05))
    (fp_line (start -3.25 -1.05) (end -3.25 1.05) (layer F.CrtYd) (width 0.05))
    (fp_line (start 3.25 1.05) (end 3.25 -1.05) (layer F.CrtYd) (width 0.05))
    (fp_line (start 3.25 1.05) (end -3.25 1.05) (layer F.CrtYd) (width 0.05))
    (pad 1 smd rect (at -2 0) (size 2 1.6) (layers F.Cu F.Paste F.Mask)
      (net 1 "Net-(18pF1-Pad1)"))
    (pad 2 smd rect (at 2 0) (size 2 1.6) (layers F.Cu F.Paste F.Mask)
      (net 2 GNDREF))
    (model Capacitors_SMD.3dshapes/C_1206.wrl
      (at (xyz 0 0 0))
      (scale (xyz 1 1 1))
      (rotate (xyz 0 0 0))
    )
  )

  (module Capacitors_SMD:C_1206_HandSoldering (layer F.Cu) (tedit 5F1F116A) (tstamp 5EDCF786)
    (at 134.112 106.934 180)
    (descr "Capacitor SMD 1206, hand soldering")
    (tags "capacitor 1206")
    (path /5D758885)
    (attr smd)
    (fp_text reference 18pF2 (at 0 -2.159 180) (layer F.SilkS)
      (effects (font (size 1 1) (thickness 0.15)))
    )
    (fp_text value 18pF (at 0 2 180) (layer F.Fab)
      (effects (font (size 1 1) (thickness 0.15)))
    )
    (fp_text user %R (at 0 -2.159 180) (layer F.Fab)
      (effects (font (size 1 1) (thickness 0.15)))
    )
    (fp_line (start -1.6 0.8) (end -1.6 -0.8) (layer F.Fab) (width 0.1))
    (fp_line (start 1.6 0.8) (end -1.6 0.8) (layer F.Fab) (width 0.1))
    (fp_line (start 1.6 -0.8) (end 1.6 0.8) (layer F.Fab) (width 0.1))
    (fp_line (start -1.6 -0.8) (end 1.6 -0.8) (layer F.Fab) (width 0.1))
    (fp_line (start 1 -1.02) (end -1 -1.02) (layer F.SilkS) (width 0.12))
    (fp_line (start -1 1.02) (end 1 1.02) (layer F.SilkS) (width 0.12))
    (fp_line (start -3.25 -1.05) (end 3.25 -1.05) (layer F.CrtYd) (width 0.05))
    (fp_line (start -3.25 -1.05) (end -3.25 1.05) (layer F.CrtYd) (width 0.05))
    (fp_line (start 3.25 1.05) (end 3.25 -1.05) (layer F.CrtYd) (width 0.05))
    (fp_line (start 3.25 1.05) (end -3.25 1.05) (layer F.CrtYd) (width 0.05))
    (pad 1 smd rect (at -2 0 180) (size 2 1.6) (layers F.Cu F.Paste F.Mask)
      (net 3 "Net-(18pF2-Pad1)"))
    (pad 2 smd rect (at 2 0 180) (size 2 1.6) (layers F.Cu F.Paste F.Mask)
      (net 2 GNDREF))
    (model Capacitors_SMD.3dshapes/C_1206.wrl
      (at (xyz 0 0 0))
      (scale (xyz 1 1 1))
      (rotate (xyz 0 0 0))
    )
  )

  (module Buzzers_Beepers:MagneticBuzzer_ProSignal_ABT-410-RC (layer F.Cu) (tedit 58B1D34E) (tstamp 5EDCF793)
    (at 100.2665 127)
    (descr "Buzzer, Elektromagnetic Beeper, Summer, 1,5V-DC,")
    (tags "Pro Signal ABT-410-RC ")
    (path /5D32370A/5D323BE7)
    (fp_text reference BZ1 (at 3.25 -7) (layer F.SilkS)
      (effects (font (size 1 1) (thickness 0.15)))
    )
    (fp_text value Buzzer (at 3.25 7) (layer F.Fab)
      (effects (font (size 1 1) (thickness 0.15)))
    )
    (fp_text user + (at 0 -1.8) (layer F.Fab)
      (effects (font (size 1 1) (thickness 0.15)))
    )
    (fp_circle (center 3.25 0) (end 9.5 0) (layer F.CrtYd) (width 0.05))
    (fp_circle (center 3.25 0) (end 9.35 0) (layer F.SilkS) (width 0.12))
    (fp_text user + (at 0 -1.8) (layer F.SilkS)
      (effects (font (size 1 1) (thickness 0.15)))
    )
    (fp_text user %R (at 3.25 -7) (layer F.Fab)
      (effects (font (size 1 1) (thickness 0.15)))
    )
    (fp_circle (center 3.25 0) (end 4.4 0) (layer F.Fab) (width 0.1))
    (fp_circle (center 3.25 0) (end 9.25 0) (layer F.Fab) (width 0.1))
    (pad 1 thru_hole rect (at 0 0) (size 1.6 1.6) (drill 1) (layers *.Cu *.Mask)
      (net 4 +5V))
    (pad 2 thru_hole circle (at 6.5 0) (size 1.6 1.6) (drill 1) (layers *.Cu *.Mask)
      (net 5 "Net-(BZ1-Pad2)"))
    (model ${KISYS3DMOD}/Buzzers_Beepers.3dshapes/MagneticBuzzer_ProSignal_ABT-410-RC.wrl
      (at (xyz 0 0 0))
      (scale (xyz 1 1 1))
      (rotate (xyz 0 0 0))
    )
  )

  (module Capacitors_SMD:C_1206_HandSoldering (layer B.Cu) (tedit 58AA84D1) (tstamp 5EDCF7A4)
    (at 96.5835 118.11 180)
    (descr "Capacitor SMD 1206, hand soldering")
    (tags "capacitor 1206")
    (path /5E6A3755)
    (attr smd)
    (fp_text reference C2 (at 0 1.75 180) (layer B.SilkS)
      (effects (font (size 1 1) (thickness 0.15)) (justify mirror))
    )
    (fp_text value 100nF (at 0 -2 180) (layer B.Fab)
      (effects (font (size 1 1) (thickness 0.15)) (justify mirror))
    )
    (fp_text user %R (at 0 1.75 180) (layer B.Fab)
      (effects (font (size 1 1) (thickness 0.15)) (justify mirror))
    )
    (fp_line (start -1.6 -0.8) (end -1.6 0.8) (layer B.Fab) (width 0.1))
    (fp_line (start 1.6 -0.8) (end -1.6 -0.8) (layer B.Fab) (width 0.1))
    (fp_line (start 1.6 0.8) (end 1.6 -0.8) (layer B.Fab) (width 0.1))
    (fp_line (start -1.6 0.8) (end 1.6 0.8) (layer B.Fab) (width 0.1))
    (fp_line (start 1 1.02) (end -1 1.02) (layer B.SilkS) (width 0.12))
    (fp_line (start -1 -1.02) (end 1 -1.02) (layer B.SilkS) (width 0.12))
    (fp_line (start -3.25 1.05) (end 3.25 1.05) (layer B.CrtYd) (width 0.05))
    (fp_line (start -3.25 1.05) (end -3.25 -1.05) (layer B.CrtYd) (width 0.05))
    (fp_line (start 3.25 -1.05) (end 3.25 1.05) (layer B.CrtYd) (width 0.05))
    (fp_line (start 3.25 -1.05) (end -3.25 -1.05) (layer B.CrtYd) (width 0.05))
    (pad 1 smd rect (at -2 0 180) (size 2 1.6) (layers B.Cu B.Paste B.Mask)
      (net 4 +5V))
    (pad 2 smd rect (at 2 0 180) (size 2 1.6) (layers B.Cu B.Paste B.Mask)
      (net 2 GNDREF))
    (model Capacitors_SMD.3dshapes/C_1206.wrl
      (at (xyz 0 0 0))
      (scale (xyz 1 1 1))
      (rotate (xyz 0 0 0))
    )
  )

  (module Capacitors_SMD:C_1206_HandSoldering (layer B.Cu) (tedit 58AA84D1) (tstamp 5EDCF7B5)
    (at 136.4615 91.3765 270)
    (descr "Capacitor SMD 1206, hand soldering")
    (tags "capacitor 1206")
    (path /5E95D142)
    (attr smd)
    (fp_text reference C3 (at 0 1.75 270) (layer B.SilkS)
      (effects (font (size 1 1) (thickness 0.15)) (justify mirror))
    )
    (fp_text value C (at 0 -2 270) (layer B.Fab)
      (effects (font (size 1 1) (thickness 0.15)) (justify mirror))
    )
    (fp_text user %R (at 0 1.75 270) (layer B.Fab)
      (effects (font (size 1 1) (thickness 0.15)) (justify mirror))
    )
    (fp_line (start -1.6 -0.8) (end -1.6 0.8) (layer B.Fab) (width 0.1))
    (fp_line (start 1.6 -0.8) (end -1.6 -0.8) (layer B.Fab) (width 0.1))
    (fp_line (start 1.6 0.8) (end 1.6 -0.8) (layer B.Fab) (width 0.1))
    (fp_line (start -1.6 0.8) (end 1.6 0.8) (layer B.Fab) (width 0.1))
    (fp_line (start 1 1.02) (end -1 1.02) (layer B.SilkS) (width 0.12))
    (fp_line (start -1 -1.02) (end 1 -1.02) (layer B.SilkS) (width 0.12))
    (fp_line (start -3.25 1.05) (end 3.25 1.05) (layer B.CrtYd) (width 0.05))
    (fp_line (start -3.25 1.05) (end -3.25 -1.05) (layer B.CrtYd) (width 0.05))
    (fp_line (start 3.25 -1.05) (end 3.25 1.05) (layer B.CrtYd) (width 0.05))
    (fp_line (start 3.25 -1.05) (end -3.25 -1.05) (layer B.CrtYd) (width 0.05))
    (pad 1 smd rect (at -2 0 270) (size 2 1.6) (layers B.Cu B.Paste B.Mask)
      (net 4 +5V))
    (pad 2 smd rect (at 2 0 270) (size 2 1.6) (layers B.Cu B.Paste B.Mask)
      (net 2 GNDREF))
    (model Capacitors_SMD.3dshapes/C_1206.wrl
      (at (xyz 0 0 0))
      (scale (xyz 1 1 1))
      (rotate (xyz 0 0 0))
    )
  )

  (module Capacitors_SMD:C_1206_HandSoldering (layer B.Cu) (tedit 58AA84D1) (tstamp 5EDCF7C6)
    (at 131.8895 85.9155)
    (descr "Capacitor SMD 1206, hand soldering")
    (tags "capacitor 1206")
    (path /5E433AF1)
    (attr smd)
    (fp_text reference C5 (at 0 1.75) (layer B.SilkS)
      (effects (font (size 1 1) (thickness 0.15)) (justify mirror))
    )
    (fp_text value 100nF (at 0 -2) (layer B.Fab)
      (effects (font (size 1 1) (thickness 0.15)) (justify mirror))
    )
    (fp_text user %R (at 0 1.75) (layer B.Fab)
      (effects (font (size 1 1) (thickness 0.15)) (justify mirror))
    )
    (fp_line (start -1.6 -0.8) (end -1.6 0.8) (layer B.Fab) (width 0.1))
    (fp_line (start 1.6 -0.8) (end -1.6 -0.8) (layer B.Fab) (width 0.1))
    (fp_line (start 1.6 0.8) (end 1.6 -0.8) (layer B.Fab) (width 0.1))
    (fp_line (start -1.6 0.8) (end 1.6 0.8) (layer B.Fab) (width 0.1))
    (fp_line (start 1 1.02) (end -1 1.02) (layer B.SilkS) (width 0.12))
    (fp_line (start -1 -1.02) (end 1 -1.02) (layer B.SilkS) (width 0.12))
    (fp_line (start -3.25 1.05) (end 3.25 1.05) (layer B.CrtYd) (width 0.05))
    (fp_line (start -3.25 1.05) (end -3.25 -1.05) (layer B.CrtYd) (width 0.05))
    (fp_line (start 3.25 -1.05) (end 3.25 1.05) (layer B.CrtYd) (width 0.05))
    (fp_line (start 3.25 -1.05) (end -3.25 -1.05) (layer B.CrtYd) (width 0.05))
    (pad 1 smd rect (at -2 0) (size 2 1.6) (layers B.Cu B.Paste B.Mask)
      (net 6 "Net-(C5-Pad1)"))
    (pad 2 smd rect (at 2 0) (size 2 1.6) (layers B.Cu B.Paste B.Mask)
      (net 2 GNDREF))
    (model Capacitors_SMD.3dshapes/C_1206.wrl
      (at (xyz 0 0 0))
      (scale (xyz 1 1 1))
      (rotate (xyz 0 0 0))
    )
  )

  (module Capacitors_SMD:C_1206_HandSoldering (layer B.Cu) (tedit 58AA84D1) (tstamp 5EDCF7D7)
    (at 129.286 90.678 90)
    (descr "Capacitor SMD 1206, hand soldering")
    (tags "capacitor 1206")
    (path /5E41E26D)
    (attr smd)
    (fp_text reference C8 (at 0 1.75 90) (layer B.SilkS)
      (effects (font (size 1 1) (thickness 0.15)) (justify mirror))
    )
    (fp_text value 100n (at 0 -2 90) (layer B.Fab)
      (effects (font (size 1 1) (thickness 0.15)) (justify mirror))
    )
    (fp_text user %R (at 0 1.75 90) (layer B.Fab)
      (effects (font (size 1 1) (thickness 0.15)) (justify mirror))
    )
    (fp_line (start -1.6 -0.8) (end -1.6 0.8) (layer B.Fab) (width 0.1))
    (fp_line (start 1.6 -0.8) (end -1.6 -0.8) (layer B.Fab) (width 0.1))
    (fp_line (start 1.6 0.8) (end 1.6 -0.8) (layer B.Fab) (width 0.1))
    (fp_line (start -1.6 0.8) (end 1.6 0.8) (layer B.Fab) (width 0.1))
    (fp_line (start 1 1.02) (end -1 1.02) (layer B.SilkS) (width 0.12))
    (fp_line (start -1 -1.02) (end 1 -1.02) (layer B.SilkS) (width 0.12))
    (fp_line (start -3.25 1.05) (end 3.25 1.05) (layer B.CrtYd) (width 0.05))
    (fp_line (start -3.25 1.05) (end -3.25 -1.05) (layer B.CrtYd) (width 0.05))
    (fp_line (start 3.25 -1.05) (end 3.25 1.05) (layer B.CrtYd) (width 0.05))
    (fp_line (start 3.25 -1.05) (end -3.25 -1.05) (layer B.CrtYd) (width 0.05))
    (pad 1 smd rect (at -2 0 90) (size 2 1.6) (layers B.Cu B.Paste B.Mask)
      (net 2 GNDREF))
    (pad 2 smd rect (at 2 0 90) (size 2 1.6) (layers B.Cu B.Paste B.Mask)
      (net 7 "Net-(C8-Pad2)"))
    (model Capacitors_SMD.3dshapes/C_1206.wrl
      (at (xyz 0 0 0))
      (scale (xyz 1 1 1))
      (rotate (xyz 0 0 0))
    )
  )

  (module Capacitors_SMD:C_1206_HandSoldering (layer F.Cu) (tedit 5F14B77E) (tstamp 5EDCF7E8)
    (at 121.6025 75.057 180)
    (descr "Capacitor SMD 1206, hand soldering")
    (tags "capacitor 1206")
    (path /5C58EB86)
    (attr smd)
    (fp_text reference C9 (at 0 -1.778 180) (layer F.SilkS)
      (effects (font (size 1 1) (thickness 0.15)))
    )
    (fp_text value 100nF (at 0 2 180) (layer F.Fab)
      (effects (font (size 1 1) (thickness 0.15)))
    )
    (fp_text user %R (at 0 0.127 180) (layer F.Fab)
      (effects (font (size 1 1) (thickness 0.15)))
    )
    (fp_line (start -1.6 0.8) (end -1.6 -0.8) (layer F.Fab) (width 0.1))
    (fp_line (start 1.6 0.8) (end -1.6 0.8) (layer F.Fab) (width 0.1))
    (fp_line (start 1.6 -0.8) (end 1.6 0.8) (layer F.Fab) (width 0.1))
    (fp_line (start -1.6 -0.8) (end 1.6 -0.8) (layer F.Fab) (width 0.1))
    (fp_line (start 1 -1.02) (end -1 -1.02) (layer F.SilkS) (width 0.12))
    (fp_line (start -1 1.02) (end 1 1.02) (layer F.SilkS) (width 0.12))
    (fp_line (start -3.25 -1.05) (end 3.25 -1.05) (layer F.CrtYd) (width 0.05))
    (fp_line (start -3.25 -1.05) (end -3.25 1.05) (layer F.CrtYd) (width 0.05))
    (fp_line (start 3.25 1.05) (end 3.25 -1.05) (layer F.CrtYd) (width 0.05))
    (fp_line (start 3.25 1.05) (end -3.25 1.05) (layer F.CrtYd) (width 0.05))
    (pad 1 smd rect (at -2 0 180) (size 2 1.6) (layers F.Cu F.Paste F.Mask)
      (net 8 Voltage_sensor))
    (pad 2 smd rect (at 2 0 180) (size 2 1.6) (layers F.Cu F.Paste F.Mask)
      (net 2 GNDREF))
    (model Capacitors_SMD.3dshapes/C_1206.wrl
      (at (xyz 0 0 0))
      (scale (xyz 1 1 1))
      (rotate (xyz 0 0 0))
    )
  )

  (module Capacitors_SMD:C_1206_HandSoldering (layer B.Cu) (tedit 58AA84D1) (tstamp 5EDCF7F9)
    (at 145.288 84.836 90)
    (descr "Capacitor SMD 1206, hand soldering")
    (tags "capacitor 1206")
    (path /5C56DD7A)
    (attr smd)
    (fp_text reference C10 (at 0 1.75 90) (layer B.SilkS)
      (effects (font (size 1 1) (thickness 0.15)) (justify mirror))
    )
    (fp_text value 10nF (at 0 -2 90) (layer B.Fab)
      (effects (font (size 1 1) (thickness 0.15)) (justify mirror))
    )
    (fp_text user %R (at 0 1.75 90) (layer B.Fab)
      (effects (font (size 1 1) (thickness 0.15)) (justify mirror))
    )
    (fp_line (start -1.6 -0.8) (end -1.6 0.8) (layer B.Fab) (width 0.1))
    (fp_line (start 1.6 -0.8) (end -1.6 -0.8) (layer B.Fab) (width 0.1))
    (fp_line (start 1.6 0.8) (end 1.6 -0.8) (layer B.Fab) (width 0.1))
    (fp_line (start -1.6 0.8) (end 1.6 0.8) (layer B.Fab) (width 0.1))
    (fp_line (start 1 1.02) (end -1 1.02) (layer B.SilkS) (width 0.12))
    (fp_line (start -1 -1.02) (end 1 -1.02) (layer B.SilkS) (width 0.12))
    (fp_line (start -3.25 1.05) (end 3.25 1.05) (layer B.CrtYd) (width 0.05))
    (fp_line (start -3.25 1.05) (end -3.25 -1.05) (layer B.CrtYd) (width 0.05))
    (fp_line (start 3.25 -1.05) (end 3.25 1.05) (layer B.CrtYd) (width 0.05))
    (fp_line (start 3.25 -1.05) (end -3.25 -1.05) (layer B.CrtYd) (width 0.05))
    (pad 1 smd rect (at -2 0 90) (size 2 1.6) (layers B.Cu B.Paste B.Mask)
      (net 9 ROTA))
    (pad 2 smd rect (at 2 0 90) (size 2 1.6) (layers B.Cu B.Paste B.Mask)
      (net 2 GNDREF))
    (model Capacitors_SMD.3dshapes/C_1206.wrl
      (at (xyz 0 0 0))
      (scale (xyz 1 1 1))
      (rotate (xyz 0 0 0))
    )
  )

  (module Capacitors_SMD:C_1206_HandSoldering (layer F.Cu) (tedit 5F14A92C) (tstamp 5EDCF80A)
    (at 118.6815 124.206 180)
    (descr "Capacitor SMD 1206, hand soldering")
    (tags "capacitor 1206")
    (path /5C58D3A2)
    (attr smd)
    (fp_text reference C11 (at -0.127 1.905 180) (layer F.SilkS)
      (effects (font (size 1 1) (thickness 0.15)))
    )
    (fp_text value 10nF (at 0 2 180) (layer F.Fab)
      (effects (font (size 1 1) (thickness 0.15)))
    )
    (fp_text user %R (at 0 0 180) (layer F.Fab)
      (effects (font (size 1 1) (thickness 0.15)))
    )
    (fp_line (start -1.6 0.8) (end -1.6 -0.8) (layer F.Fab) (width 0.1))
    (fp_line (start 1.6 0.8) (end -1.6 0.8) (layer F.Fab) (width 0.1))
    (fp_line (start 1.6 -0.8) (end 1.6 0.8) (layer F.Fab) (width 0.1))
    (fp_line (start -1.6 -0.8) (end 1.6 -0.8) (layer F.Fab) (width 0.1))
    (fp_line (start 1 -1.02) (end -1 -1.02) (layer F.SilkS) (width 0.12))
    (fp_line (start -1 1.02) (end 1 1.02) (layer F.SilkS) (width 0.12))
    (fp_line (start -3.25 -1.05) (end 3.25 -1.05) (layer F.CrtYd) (width 0.05))
    (fp_line (start -3.25 -1.05) (end -3.25 1.05) (layer F.CrtYd) (width 0.05))
    (fp_line (start 3.25 1.05) (end 3.25 -1.05) (layer F.CrtYd) (width 0.05))
    (fp_line (start 3.25 1.05) (end -3.25 1.05) (layer F.CrtYd) (width 0.05))
    (pad 1 smd rect (at -2 0 180) (size 2 1.6) (layers F.Cu F.Paste F.Mask)
      (net 10 "Net-(C11-Pad1)"))
    (pad 2 smd rect (at 2 0 180) (size 2 1.6) (layers F.Cu F.Paste F.Mask)
      (net 2 GNDREF))
    (model Capacitors_SMD.3dshapes/C_1206.wrl
      (at (xyz 0 0 0))
      (scale (xyz 1 1 1))
      (rotate (xyz 0 0 0))
    )
  )

  (module Capacitors_SMD:C_1206_HandSoldering (layer B.Cu) (tedit 58AA84D1) (tstamp 5EDCF81B)
    (at 149.352 86.106 90)
    (descr "Capacitor SMD 1206, hand soldering")
    (tags "capacitor 1206")
    (path /5C56DDE1)
    (attr smd)
    (fp_text reference C12 (at 0 1.75 90) (layer B.SilkS)
      (effects (font (size 1 1) (thickness 0.15)) (justify mirror))
    )
    (fp_text value 10nF (at 0 -2 90) (layer B.Fab)
